2 0.24921875 0.71953125 0.4984375 0.55234375
2 0.51953125 0.50703125 0.05078125 0.06484375
2 0.58984375 0.515625 0.04453125 0.03828125
2 0.5640625 0.50078125 0.02890625 0.02890625
2 0.6296875 0.51015625 0.040625 0.0328125
2 0.64765625 0.49921875 0.04296875 0.03828125
1 0.8015625 0.4828125 0.01328125 0.021875
1 0.421875 0.4609375 0.01875 0.02890625
3 0.4796875 0.39609375 0.00390625 0.0203125
3 0.53828125 0.4296875 0.003125 0.01328125
3 0.57265625 0.428125 0.003125 0.0140625
3 0.60078125 0.42734375 0.00390625 0.0140625