2 0.24765625 0.71953125 0.4953125 0.55390625
3 0.6265625 0.209375 0.01171875 0.05546875
3 0.77421875 0.18671875 0.01640625 0.059375
3 0.85625 0.35703125 0.01015625 0.0296875
3 0.89453125 0.3359375 0.01328125 0.03125
3 0.959375 0.3 0.01875 0.03828125
3 0.8609375 0.403125 0.00625 0.01953125
3 0.9078125 0.4015625 0.00703125 0.01796875
3 0.96640625 0.3984375 0.0078125 0.01875
2 0.6015625 0.50546875 0.15546875 0.07109375
2 0.5265625 0.51796875 0.03671875 0.0328125
0 0.45390625 0.50703125 0.00703125 0.04375
0 0.4625 0.50859375 0.01015625 0.0390625
2 0.28671875 0.5046875 0.1359375 0.06796875
0 0.2890625 0.5046875 0.01484375 0.08359375
0 0.25 0.50703125 0.0328125 0.0921875
2 0.41484375 0.509375 0.05625 0.02890625
2 0.38515625 0.5109375 0.0515625 0.034375
2 0.36640625 0.51328125 0.05703125 0.0375
2 0.17421875 0.5078125 0.08359375 0.03671875
2 0.190625 0.48828125 0.07109375 0.02109375
1 0.95703125 0.46484375 0.025 0.0359375
1 0.9953125 0.46484375 0.009375 0.0328125