2 0.2484375 0.71953125 0.49609375 0.55390625
3 0.53203125 0.4484375 0.00234375 0.00859375
3 0.55546875 0.4484375 0.00234375 0.00859375
2 0.590625 0.50703125 0.06328125 0.065625
3 0.60078125 0.45859375 0.0015625 0.00625
3 0.60390625 0.45625 0.0015625 0.00546875
3 0.60703125 0.4546875 0.0015625 0.00703125
3 0.62265625 0.46484375 0.0015625 0.00625
3 0.6375 0.46484375 0.00234375 0.00625
3 0.6546875 0.4640625 0.00234375 0.0078125
0 0.4640625 0.5015625 0.00625 0.01484375
1 0.4734375 0.48203125 0.00859375 0.01328125
2 0.525 0.50390625 0.02578125 0.015625
2 0.6859375 0.50703125 0.03359375 0.02265625
0 0.43828125 0.50234375 0.0078125 0.0203125
2 0.78515625 0.503125 0.0296875 0.0140625
1 0.803125 0.484375 0.01875 0.01171875