2 0.2484375 0.7203125 0.49609375 0.553125
1 0.4765625 0.47890625 0.01015625 0.01875
1 0.70703125 0.4875 0.009375 0.01640625
2 0.56015625 0.5046875 0.01640625 0.0203125
2 0.56796875 0.4953125 0.0140625 0.01171875
2 0.55078125 0.5015625 0.00625 0.0125
2 0.51640625 0.5046875 0.04921875 0.06171875
2 0.59375 0.515625 0.0484375 0.0390625
2 0.63984375 0.509375 0.04296875 0.034375
2 0.65390625 0.4984375 0.0453125 0.0390625
3 0.53828125 0.446875 0.0046875 0.01171875
3 0.5625 0.446875 0.0046875 0.009375
3 0.58359375 0.446875 0.003125 0.0125