2 0.2453125 0.71875 0.490625 0.553125
0 0.22734375 0.50234375 0.02265625 0.08203125
0 0.2421875 0.5015625 0.01640625 0.07890625
0 0.35234375 0.503125 0.01953125 0.05390625
0 0.425 0.50625 0.009375 0.0296875
3 0.5359375 0.36640625 0.00546875 0.0234375
3 0.59765625 0.36328125 0.00546875 0.02421875
3 0.68046875 0.41328125 0.0046875 0.01875
3 0.69140625 0.40703125 0.0078125 0.0171875
3 0.70390625 0.4328125 0.00390625 0.01328125
3 0.70859375 0.3953125 0.00703125 0.0203125
3 0.73125 0.43359375 0.00390625 0.01328125
3 0.74453125 0.44921875 0.0078125 0.0234375
3 0.76328125 0.4328125 0.0046875 0.01171875
3 0.8203125 0.4734375 0.00625 0.01484375
2 0.5015625 0.50390625 0.08515625 0.04765625
3 0.5421875 0.46796875 0.0015625 0.00546875
3 0.55703125 0.46796875 0.0015625 0.0046875
3 0.5703125 0.4671875 0.0015625 0.00546875
3 0.5875 0.471875 0.0015625 0.003125
3 0.5890625 0.47109375 0.0015625 0.0046875
3 0.590625 0.4703125 0.0015625 0.00546875
2 0.70078125 0.50234375 0.09609375 0.04140625
1 0.7 0.4796875 0.01015625 0.01328125
2 0.6390625 0.50859375 0.04921875 0.0265625
2 0.45546875 0.50859375 0.01875 0.02734375
2 0.4 0.50546875 0.03984375 0.0203125
2 0.3796875 0.50546875 0.04140625 0.0265625
2 0.33828125 0.5015625 0.028125 0.01953125
2 0.32421875 0.5046875 0.02890625 0.02421875
2 0.3 0.50625 0.028125 0.03046875
0 0.178125 0.51328125 0.0171875 0.03359375