2 0.2546875 0.72265625 0.4953125 0.55390625
0 0.41171875 0.4984375 0.0109375 0.03203125
1 0.44296875 0.4734375 0.01171875 0.01875
2 0.49921875 0.503125 0.0328125 0.0203125
2 0.55390625 0.5078125 0.06015625 0.05625
2 0.70078125 0.50390625 0.0359375 0.01875
2 0.74453125 0.51015625 0.05078125 0.03046875
1 0.61640625 0.48984375 0.00625 0.0125
3 0.53125 0.43515625 0.003125 0.0109375
3 0.5609375 0.434375 0.003125 0.0109375
3 0.61484375 0.45 0.00234375 0.009375
3 0.61875 0.446875 0.003125 0.009375
3 0.62421875 0.44453125 0.003125 0.009375
3 0.6328125 0.475 0.003125 0.01015625
3 0.65546875 0.4578125 0.00234375 0.009375
3 0.67578125 0.45703125 0.00234375 0.00859375
3 0.71015625 0.48203125 0.00234375 0.00859375
2 0.878125 0.50546875 0.04765625 0.021875
2 0.953125 0.5015625 0.06171875 0.02578125
0 0.3953125 0.5 0.01328125 0.03203125
0 0.42890625 0.5015625 0.0109375 0.0296875
0 0.44765625 0.5015625 0.00703125 0.021875
0 0.45859375 0.5015625 0.0046875 0.021875
0 0.475 0.50078125 0.0046875 0.0140625
1 0.896875 0.4796875 0.02265625 0.01484375