2 0.2453125 0.71953125 0.490625 0.55390625
0 0.29296875 0.5015625 0.021875 0.0609375
0 0.33828125 0.5015625 0.01640625 0.0515625
0 0.36484375 0.509375 0.00703125 0.025
0 0.375 0.5 0.0125 0.046875
0 0.38515625 0.50234375 0.0109375 0.03828125
0 0.415625 0.50390625 0.0140625 0.03984375
1 0.3625 0.45 0.01796875 0.03359375
2 0.51640625 0.50390625 0.0453125 0.0578125
2 0.58515625 0.5078125 0.04296875 0.02578125
2 0.39921875 0.50546875 0.025 0.01875
2 0.43125 0.50625 0.034375 0.02265625
2 0.76796875 0.50859375 0.04296875 0.02734375
2 0.825 0.503125 0.0625 0.02734375
2 0.87421875 0.51875 0.11328125 0.0484375
3 0.53046875 0.41328125 0.00390625 0.015625
3 0.5703125 0.41328125 0.00390625 0.01484375
3 0.63515625 0.4375 0.003125 0.0109375
3 0.6421875 0.43359375 0.003125 0.0125
3 0.65 0.42890625 0.00390625 0.0125
3 0.66015625 0.4484375 0.003125 0.00859375
3 0.665625 0.4671875 0.00390625 0.01484375
3 0.68125 0.44921875 0.003125 0.00859375
3 0.70625 0.4484375 0.00234375 0.00859375
1 0.64140625 0.4875 0.0078125 0.01171875