2 0.0515625 0.71015625 0.103125 0.38359375
3 0.3109375 0.43359375 0.0046875 0.0125
3 0.32734375 0.43984375 0.003125 0.0109375
3 0.34296875 0.4453125 0.003125 0.01015625
3 0.40234375 0.4171875 0.0046875 0.015625
3 0.4375 0.4171875 0.00546875 0.01484375
3 0.47890625 0.41796875 0.00390625 0.01484375
3 0.546875 0.4703125 0.00390625 0.015625
3 0.6046875 0.3671875 0.009375 0.0265625
3 0.63671875 0.33046875 0.0109375 0.034375
2 0.97578125 0.5109375 0.046875 0.02890625
1 0.48671875 0.49140625 0.00859375 0.0140625
1 0.85546875 0.4203125 0.065625 0.02890625
1 0.07109375 0.49609375 0.0078125 0.01171875