2 0.16484375 0.565625 0.3296875 0.43359375
0 0.83125 0.4890625 0.021875 0.02265625
0 0.7703125 0.49140625 0.01484375 0.0171875
0 0.7328125 0.4921875 0.01171875 0.01484375
3 0.56015625 0.43046875 0.003125 0.01328125
3 0.56796875 0.421875 0.003125 0.01484375
3 0.44453125 0.4484375 0.00234375 0.009375
3 0.465625 0.4484375 0.00234375 0.009375
3 0.4921875 0.4484375 0.00234375 0.009375
3 0.53515625 0.48125 0.00234375 0.01015625
2 0.5 0.50234375 0.01171875 0.01953125
1 0.49609375 0.49453125 0.00546875 0.009375
1 0.590625 0.48046875 0.01640625 0.00625