2 0.1609375 0.5734375 0.32109375 0.421875
0 0.7578125 0.51953125 0.0171875 0.07265625
0 0.86875 0.4890625 0.0203125 0.028125
1 0.609375 0.47734375 0.01953125 0.00859375
2 0.5 0.5015625 0.0078125 0.0140625
1 0.49609375 0.49453125 0.00546875 0.009375
3 0.4390625 0.44296875 0.00234375 0.00703125
3 0.46328125 0.44296875 0.003125 0.009375
3 0.49140625 0.44453125 0.0015625 0.0109375
3 0.53828125 0.48046875 0.00234375 0.0109375
3 0.5671875 0.42265625 0.00390625 0.0140625
3 0.57734375 0.4109375 0.0046875 0.015625
3 0.36875 0.45234375 0.003125 0.01015625
3 0.39921875 0.48671875 0.00234375 0.0078125