2 0.16484375 0.565625 0.3296875 0.43359375
0 0.68828125 0.51015625 0.0125 0.0546875
2 0.64375 0.51171875 0.065625 0.03125
1 0.58984375 0.48203125 0.01796875 0.0109375
1 0.49609375 0.49375 0.00546875 0.009375
2 0.50078125 0.5015625 0.00625 0.0078125
3 0.44375 0.44765625 0.00234375 0.01015625
3 0.46640625 0.4484375 0.00234375 0.01015625
3 0.4921875 0.44765625 0.00234375 0.009375
3 0.559375 0.43046875 0.00390625 0.0125
3 0.56796875 0.42109375 0.00390625 0.015625
3 0.534375 0.48046875 0.00234375 0.009375