2 0.1578125 0.57421875 0.315625 0.4140625
1 0.32734375 0.49375 0.009375 0.01328125
3 0.39609375 0.403125 0.0046875 0.0203125
3 0.43671875 0.403125 0.00546875 0.01875
3 0.4859375 0.40390625 0.00390625 0.0171875
3 0.56640625 0.46484375 0.0046875 0.01796875
2 0.459375 0.5078125 0.0140625 0.01640625
2 0.4671875 0.50234375 0.0078125 0.01015625
2 0.47578125 0.503125 0.0078125 0.0109375
2 0.4859375 0.50546875 0.01015625 0.0171875
2 0.5015625 0.50703125 0.015625 0.0203125
3 0.53203125 0.4328125 0.003125 0.0125