2 0.1640625 0.56484375 0.328125 0.4328125
0 0.315625 0.5 0.009375 0.0234375
0 0.65390625 0.51171875 0.01171875 0.05625
0 0.67109375 0.51015625 0.0140625 0.06015625
1 0.58984375 0.48046875 0.0140625 0.00625
2 0.51953125 0.51796875 0.05234375 0.0375
3 0.44453125 0.4484375 0.00234375 0.009375
3 0.46640625 0.4484375 0.00234375 0.009375
3 0.49140625 0.4484375 0.00234375 0.009375
3 0.559375 0.43046875 0.0046875 0.0140625
3 0.5671875 0.42109375 0.0046875 0.015625
3 0.534375 0.48046875 0.00234375 0.009375
2 0.665625 0.50078125 0.04453125 0.02265625