2 0.16484375 0.565625 0.3296875 0.43359375
0 0.9046875 0.484375 0.040625 0.028125
0 0.7515625 0.48984375 0.01328125 0.01640625
0 0.8 0.4875 0.0234375 0.02109375
1 0.58984375 0.48046875 0.01484375 0.00703125
2 0.50078125 0.50234375 0.009375 0.01484375
1 0.49609375 0.49375 0.00546875 0.01015625
3 0.534375 0.48125 0.00234375 0.009375
3 0.44375 0.44765625 0.003125 0.009375
3 0.465625 0.4484375 0.00234375 0.009375
3 0.4921875 0.4484375 0.003125 0.01015625
3 0.56015625 0.43046875 0.003125 0.01328125
3 0.5671875 0.42109375 0.0046875 0.015625
0 0.775 0.49140625 0.015625 0.015625
3 0.378125 0.45546875 0.003125 0.00859375
3 0.3859375 0.4578125 0.00234375 0.0078125
3 0.39296875 0.4609375 0.00234375 0.00703125
3 0.4046875 0.4875 0.00234375 0.00703125