2 0.33046875 0.53515625 0.21796875 0.12890625
0 0.04765625 0.5046875 0.009375 0.02734375
0 0.096875 0.5046875 0.01015625 0.03046875
0 0.1109375 0.51171875 0.00546875 0.0140625
0 0.13125 0.50546875 0.009375 0.02890625
0 0.13984375 0.5046875 0.00703125 0.028125
0 0.15078125 0.5046875 0.00625 0.028125
2 0.19375 0.52890625 0.05859375 0.0578125
2 0.5046875 0.5203125 0.04609375 0.04375
2 0.4578125 0.50390625 0.0140625 0.01875
2 0.58828125 0.50390625 0.0109375 0.01171875
3 0.54140625 0.45234375 0.003125 0.01015625
3 0.5453125 0.44765625 0.00390625 0.01015625
3 0.475 0.4625 0.00234375 0.00703125
3 0.49453125 0.46171875 0.00234375 0.00703125
3 0.459375 0.46171875 0.00234375 0.00625
3 0.01328125 0.45078125 0.0046875 0.009375
3 0.0390625 0.4625 0.00390625 0.00703125
3 0.0515625 0.4546875 0.00390625 0.00859375
3 0.0578125 0.4625 0.00390625 0.00859375
3 0.0734375 0.46171875 0.003125 0.0078125
3 0.0796875 0.45703125 0.00390625 0.0078125
0 0.1578125 0.50546875 0.00625 0.02734375
0 0.16484375 0.50546875 0.00703125 0.02734375
0 0.17265625 0.50390625 0.00546875 0.02890625
0 0.17890625 0.503125 0.0046875 0.02265625
0 0.184375 0.503125 0.00703125 0.02421875
0 0.1921875 0.50234375 0.00703125 0.02265625
0 0.19921875 0.503125 0.00625 0.02109375