0 0.03828125 0.52578125 0.0765625 0.1265625
0 0.3109375 0.5109375 0.02265625 0.05390625
0 0.38203125 0.5125 0.0078125 0.01875
0 0.40234375 0.5046875 0.0109375 0.02734375
0 0.44296875 0.50390625 0.00703125 0.0203125
2 0.49375 0.50390625 0.02890625 0.0171875
2 0.55546875 0.50234375 0.02890625 0.01328125
3 0.5703125 0.4859375 0.00234375 0.0078125
3 0.50546875 0.45859375 0.003125 0.0078125
3 0.525 0.45859375 0.00234375 0.0078125
2 0.8046875 0.525 0.19140625 0.04453125
2 0.5015625 0.85625 0.996875 0.28671875
3 0.5578125 0.46875 0.00234375 0.00546875
3 0.55234375 0.471875 0.0015625 0.00390625
1 0.86484375 0.484375 0.0203125 0.0125
1 0.765625 0.4921875 0.00703125 0.00703125
2 0.53359375 0.50390625 0.0140625 0.009375