3 0.4875 0.253125 0.03984375 0.12890625
3 0.1875 0.23046875 0.0203125 0.0546875
1 0.15625 0.46953125 0.0171875 0.02265625
2 0.075 0.503125 0.01640625 0.01328125
2 0.01875 0.5046875 0.01953125 0.01171875
0 0.040625 0.50234375 0.0046875 0.01171875
2 0.04921875 0.5015625 0.00859375 0.0078125
0 0.08671875 0.5015625 0.003125 0.0125
3 0.0515625 0.47421875 0.00234375 0.00546875
3 0.06875 0.47421875 0.00234375 0.0046875
3 0.09609375 0.48984375 0.00234375 0.00546875
3 0.10546875 0.4734375 0.00234375 0.00546875
2 0.02421875 0.5 0.01796875 0.0125
2 0.0046875 0.5046875 0.00859375 0.009375
2 0.0609375 0.503125 0.01015625 0.0109375