3 0.140625 0.346875 0.0125 0.02734375
3 0.21953125 0.415625 0.01328125 0.040625
1 0.13359375 0.47734375 0.01171875 0.0140625
2 0.07421875 0.50078125 0.01640625 0.0125
2 0.0453125 0.50078125 0.0078125 0.00625
2 0.05625 0.50234375 0.0140625 0.00859375
2 0.0375 0.49921875 0.009375 0.01171875
2 0.02421875 0.50078125 0.0171875 0.01484375
2 0.00546875 0.5015625 0.0109375 0.0140625
3 0.053125 0.475 0.0015625 0.0046875
3 0.06953125 0.475 0.00234375 0.00546875
3 0.0953125 0.48984375 0.0015625 0.00546875
3 0.10390625 0.4734375 0.00234375 0.00546875