3 0.02734375 0.38125 0.01015625 0.03125
3 0.14609375 0.45859375 0.00625 0.01875
3 0.196875 0.371875 0.009375 0.0234375
2 0.065625 0.49921875 0.03671875 0.0390625
1 0.23984375 0.45703125 0.02890625 0.01171875
1 0.12421875 0.48671875 0.00703125 0.00859375
1 0.040625 0.48125 0.0140625 0.01796875
0 0.56875 0.46328125 0.01640625 0.0234375
0 0.41953125 0.50390625 0.0125 0.07421875
0 0.4484375 0.50390625 0.0171875 0.07734375
3 0.20859375 0.35703125 0.0109375 0.028125
2 0.0359375 0.5 0.0078125 0.00859375