3 0.21953125 0.41484375 0.0125 0.040625
3 0.140625 0.346875 0.0125 0.028125
3 0.053125 0.47421875 0.0015625 0.00546875
3 0.10390625 0.4734375 0.0015625 0.00546875
3 0.0953125 0.48984375 0.0015625 0.0046875
2 0.071875 0.503125 0.021875 0.015625
2 0.0453125 0.50234375 0.01875 0.0125
2 0.05625 0.50078125 0.0078125 0.00859375
2 0.01875 0.503125 0.0125 0.0109375
2 0.00625 0.5046875 0.0125 0.01328125
1 0.13359375 0.4765625 0.0125 0.0140625
3 0.06953125 0.475 0.0015625 0.00390625
2 0.02109375 0.4953125 0.01484375 0.00703125
2 0.03203125 0.5046875 0.00625 0.0078125