3 0.2265625 0.4125 0.01328125 0.0421875
3 0.1421875 0.34296875 0.0125 0.02890625
1 0.134375 0.47734375 0.01171875 0.01640625
2 0.0234375 0.5046875 0.0171875 0.0109375
2 0.0265625 0.496875 0.0125 0.00546875
2 0.04453125 0.503125 0.01328125 0.01015625
2 0.06171875 0.5015625 0.00859375 0.00859375
2 0.07421875 0.503125 0.01484375 0.0109375
2 0.00625 0.50390625 0.0125 0.01328125
0 0.090625 0.5015625 0.003125 0.0125
3 0.03828125 0.47578125 0.0015625 0.0046875
3 0.0953125 0.49140625 0.0015625 0.0046875
3 0.103125 0.47578125 0.00234375 0.00546875
3 0.05234375 0.4765625 0.00234375 0.003125
3 0.06953125 0.4765625 0.0015625 0.00546875