2 0.33203125 0.50859375 0.0890625 0.040625
2 0.01875 0.5 0.01640625 0.0140625
2 0.07265625 0.5015625 0.01484375 0.0140625
3 0.0265625 0.3796875 0.0078125 0.02265625
3 0.14609375 0.45859375 0.00546875 0.01875
3 0.20859375 0.35703125 0.0109375 0.02578125
1 0.23984375 0.45703125 0.02890625 0.01171875
2 0.284375 0.49921875 0.06640625 0.034375
0 0.73828125 0.5109375 0.05546875 0.13359375
0 0.39921875 0.4765625 0.0109375 0.0140625
1 0.04140625 0.48125 0.0140625 0.01953125
1 0.12421875 0.48671875 0.00703125 0.0078125
0 0.58984375 0.465625 0.0140625 0.01875
3 0.19609375 0.37109375 0.01015625 0.025
2 0.0421875 0.50078125 0.01015625 0.0078125