2 0.01953125 0.50390625 0.01953125 0.01015625
2 0.025 0.5 0.01796875 0.01328125
2 0.03828125 0.5015625 0.009375 0.0078125
2 0.0515625 0.50234375 0.015625 0.01171875
2 0.07421875 0.5015625 0.01640625 0.0125
2 0.0046875 0.5015625 0.009375 0.01328125
3 0.140625 0.346875 0.01171875 0.028125
3 0.21953125 0.41484375 0.01171875 0.03984375
1 0.13359375 0.4765625 0.0125 0.0140625
3 0.053125 0.475 0.0015625 0.0046875
3 0.06953125 0.475 0.0015625 0.0046875
3 0.0953125 0.48984375 0.0015625 0.0046875
3 0.10390625 0.4734375 0.0015625 0.00546875