3 0.14140625 0.34765625 0.0125 0.028125
3 0.21953125 0.41484375 0.0125 0.04140625
1 0.13359375 0.47734375 0.0109375 0.01328125
2 0.00546875 0.50234375 0.0109375 0.0125
2 0.025 0.50234375 0.01796875 0.0109375
2 0.03984375 0.5 0.009375 0.009375
2 0.05859375 0.50234375 0.01171875 0.0078125
2 0.07421875 0.5015625 0.0140625 0.0109375
3 0.053125 0.475 0.0015625 0.0046875
0 0.10390625 0.49765625 0.003125 0.0125
3 0.10390625 0.47421875 0.0015625 0.00625
3 0.06953125 0.47578125 0.0015625 0.0046875
2 0.02734375 0.49609375 0.01328125 0.00546875