3 0.0265625 0.3796875 0.0078125 0.02265625
3 0.14609375 0.4578125 0.00625 0.01875
3 0.20859375 0.35703125 0.0109375 0.0265625
1 0.04140625 0.48046875 0.015625 0.01796875
2 0.06953125 0.49921875 0.0265625 0.03046875
1 0.23984375 0.45625 0.02890625 0.01171875
0 0.434375 0.5046875 0.01875 0.078125
1 0.12421875 0.48671875 0.00703125 0.009375
0 0.46953125 0.503125 0.01640625 0.0859375
0 0.528125 0.46953125 0.01171875 0.0171875
0 0.4546875 0.47578125 0.0109375 0.01171875
3 0.19609375 0.37109375 0.009375 0.025