3 0.21953125 0.415625 0.0125 0.0390625
3 0.140625 0.346875 0.0125 0.028125
3 0.0390625 0.47421875 0.0015625 0.00546875
3 0.0953125 0.48984375 0.0015625 0.0046875
3 0.10390625 0.47421875 0.0015625 0.00390625
1 0.13359375 0.4765625 0.0125 0.01640625
2 0.00546875 0.5015625 0.0109375 0.01171875
2 0.02578125 0.50234375 0.01953125 0.01171875
2 0.02734375 0.49609375 0.01484375 0.00546875
2 0.0453125 0.5 0.01171875 0.01328125
2 0.05859375 0.5015625 0.01328125 0.01015625
2 0.07421875 0.5015625 0.01484375 0.01171875
3 0.053125 0.475 0.0015625 0.0046875
3 0.06953125 0.475 0.0015625 0.00390625