3 0.21953125 0.41484375 0.01328125 0.03984375
3 0.14140625 0.346875 0.01171875 0.028125
2 0.0046875 0.50078125 0.009375 0.0140625
2 0.02109375 0.503125 0.0171875 0.01171875
2 0.03984375 0.50234375 0.01328125 0.00859375
2 0.05390625 0.50078125 0.01328125 0.01015625
2 0.07421875 0.5015625 0.01484375 0.0125
1 0.13359375 0.47734375 0.01171875 0.0140625
3 0.053125 0.475 0.0015625 0.0046875
3 0.0953125 0.48984375 0.0015625 0.00390625
3 0.10390625 0.47421875 0.0015625 0.00546875
3 0.06953125 0.47578125 0.0015625 0.00546875
2 0.02734375 0.4953125 0.0171875 0.0046875