2 0.03359375 0.57734375 0.0671875 0.128125
2 0.290625 0.5171875 0.05625 0.04296875
2 0.35546875 0.51328125 0.02578125 0.02578125
2 0.375 0.51640625 0.01328125 0.03046875
2 0.41171875 0.5140625 0.06171875 0.06796875
2 0.45546875 0.51171875 0.025 0.028125
1 0.3625 0.49375 0.00625 0.00859375
3 0.44140625 0.44765625 0.003125 0.009375
2 0.496875 0.51328125 0.03125 0.03203125
2 0.46640625 0.503125 0.0109375 0.01171875
3 0.53046875 0.48125 0.003125 0.01015625
1 0.5671875 0.4796875 0.0109375 0.01875
3 0.46328125 0.44765625 0.00234375 0.0078125
3 0.4890625 0.44765625 0.003125 0.00703125
3 0.521875 0.446875 0.00234375 0.00546875