2 0.4828125 0.70546875 0.96484375 0.58203125
0 0.80625 0.54453125 0.0484375 0.2015625
0 0.740625 0.5453125 0.05078125 0.20546875
1 0.80703125 0.4265625 0.06015625 0.02734375
0 0.21953125 0.5671875 0.0328125 0.07890625
2 0.4578125 0.5578125 0.19921875 0.0734375
3 0.28046875 0.30546875 0.0140625 0.0421875
3 0.36015625 0.303125 0.01328125 0.0375
3 0.4578125 0.30625 0.0125 0.0390625
3 0.03671875 0.3328125 0.01640625 0.0359375
3 0.06640625 0.3421875 0.0109375 0.03203125
3 0.09375 0.3515625 0.01484375 0.02734375
3 0.70546875 0.24140625 0.01953125 0.04921875
3 0.73203125 0.2078125 0.01953125 0.06328125
3 0.61484375 0.415625 0.01171875 0.009375