3 0.7734375 0.3390625 0.02421875 0.090625
3 0.40390625 0.05 0.0234375 0.09765625
3 0.1796875 0.05078125 0.02734375 0.096875
3 0.61640625 0.21171875 0.01796875 0.0546875
1 0.59375 0.4671875 0.01875 0.028125
0 0.540625 0.5046875 0.00546875 0.0203125
0 0.54609375 0.503125 0.00625 0.0203125
2 0.40234375 0.50859375 0.01953125 0.01875
2 0.43828125 0.50859375 0.01796875 0.01640625
0 0.48671875 0.5046875 0.0046875 0.01875
2 0.4984375 0.5078125 0.01875 0.01953125
2 0.45234375 0.50390625 0.00859375 0.01640625
2 0.41796875 0.50703125 0.01015625 0.01796875
2 0.47265625 0.5046875 0.0109375 0.015625
0 0.48046875 0.5046875 0.0046875 0.0203125
2 0.44140625 0.496875 0.015625 0.00859375
3 0.45390625 0.45859375 0.00234375 0.00859375
3 0.4703125 0.4578125 0.00234375 0.00703125
3 0.49140625 0.45859375 0.00234375 0.00859375
3 0.52421875 0.484375 0.00234375 0.00859375
3 0.5359375 0.4546875 0.003125 0.009375
2 0.29765625 0.50625 0.01875 0.01328125
2 0.19140625 0.50546875 0.025 0.01328125
0 0.21328125 0.50234375 0.00390625 0.0171875
0 0.12578125 0.503125 0.00546875 0.01796875
2 0.46171875 0.5046875 0.009375 0.01015625