2 0.49453125 0.50703125 0.0390625 0.06875
1 0.80703125 0.428125 0.059375 0.02734375
1 0.1390625 0.484375 0.01640625 0.025
3 0.03828125 0.3328125 0.0125 0.034375
3 0.065625 0.34375 0.0125 0.03046875
3 0.0953125 0.35390625 0.01171875 0.0296875
3 0.13828125 0.453125 0.01015625 0.0265625
3 0.2796875 0.30546875 0.01015625 0.03828125
3 0.36015625 0.30625 0.01015625 0.03828125
3 0.45703125 0.30625 0.009375 0.0375
3 0.615625 0.43046875 0.0109375 0.0390625
3 0.70390625 0.24140625 0.01796875 0.05
3 0.73125 0.20703125 0.02109375 0.059375
1 0.571875 0.48046875 0.01171875 0.015625
1 0.4734375 0.4796875 0.01875 0.03046875
2 0.4515625 0.50234375 0.0109375 0.0125
2 0.4671875 0.503125 0.00859375 0.01015625