2 0.4671875 0.63828125 0.34296875 0.33515625
0 0.96640625 0.54375 0.05703125 0.20234375
3 0.73125 0.2078125 0.0203125 0.05625
3 0.36015625 0.30703125 0.009375 0.0375
3 0.61484375 0.4296875 0.009375 0.03671875
3 0.03828125 0.3328125 0.01171875 0.03125
3 0.065625 0.34453125 0.0125 0.03203125
3 0.0953125 0.35390625 0.0109375 0.028125
1 0.13828125 0.484375 0.01640625 0.021875
3 0.13828125 0.453125 0.00859375 0.02578125
2 0.4953125 0.521875 0.03671875 0.03125
1 0.80625 0.42734375 0.05859375 0.028125
1 0.571875 0.47734375 0.01171875 0.01640625
3 0.70390625 0.2421875 0.0171875 0.05078125
3 0.45703125 0.30625 0.00859375 0.0375
3 0.2796875 0.30625 0.01015625 0.03671875