1 0.87578125 0.41484375 0.071875 0.03125
1 0.11640625 0.4859375 0.0171875 0.0234375
3 0.0046875 0.32109375 0.009375 0.03359375
3 0.034375 0.33203125 0.0125 0.03125
3 0.06875 0.34453125 0.0109375 0.028125
3 0.1171875 0.4515625 0.01015625 0.02734375
3 0.26015625 0.2890625 0.01015625 0.04140625
3 0.3484375 0.290625 0.009375 0.03828125
3 0.45390625 0.28984375 0.009375 0.040625
3 0.73046875 0.2109375 0.01875 0.05625
3 0.765625 0.1671875 0.02265625 0.065625
3 0.6265625 0.425 0.01015625 0.040625
1 0.471875 0.47890625 0.01953125 0.0328125
2 0.49765625 0.50546875 0.01875 0.0328125
1 0.5765625 0.48203125 0.009375 0.01640625
2 0.45859375 0.50390625 0.01171875 0.00859375
2 0.44296875 0.50390625 0.01328125 0.00859375