3 0.78984375 0.334375 0.0265625 0.09375
3 0.61953125 0.20546875 0.01953125 0.053125
3 0.39765625 0.03828125 0.021875 0.0765625
3 0.159375 0.03828125 0.025 0.0765625
2 0.4015625 0.5109375 0.01953125 0.0203125
2 0.4375 0.5109375 0.01796875 0.015625
0 0.45078125 0.50859375 0.00546875 0.01875
0 0.45625 0.50703125 0.0046875 0.0203125
2 0.46171875 0.50703125 0.0125 0.015625
2 0.49921875 0.509375 0.01953125 0.01953125
0 0.51875 0.50703125 0.00625 0.01953125
1 0.59609375 0.46953125 0.0125 0.0265625
0 0.08828125 0.5046875 0.009375 0.0234375
0 0.15078125 0.5078125 0.00703125 0.015625
0 0.18359375 0.50703125 0.00546875 0.01796875
0 0.18984375 0.5046875 0.0046875 0.01953125
0 0.19609375 0.50546875 0.00703125 0.01953125
0 0.20234375 0.50546875 0.0046875 0.01953125
0 0.20703125 0.50546875 0.00703125 0.0203125
0 0.2140625 0.50625 0.00390625 0.01875
0 0.27109375 0.50546875 0.00625 0.0203125
0 0.3296875 0.5046875 0.00703125 0.021875
2 0.29609375 0.5078125 0.02109375 0.01484375
1 0.37265625 0.49609375 0.0046875 0.00859375
3 0.453125 0.4609375 0.003125 0.00859375
3 0.53515625 0.45703125 0.003125 0.01015625
3 0.52421875 0.4875 0.003125 0.00859375
0 0.46328125 0.50859375 0.00625 0.0171875
0 0.4703125 0.50703125 0.0046875 0.01953125
0 0.48046875 0.50625 0.00859375 0.0171875
3 0.4703125 0.4609375 0.00234375 0.00703125
3 0.490625 0.4609375 0.00234375 0.00703125
2 0.44140625 0.49921875 0.015625 0.009375
2 0.41796875 0.51015625 0.01328125 0.0171875