2 0.48203125 0.7078125 0.9640625 0.584375
0 0.65078125 0.56171875 0.01875 0.07890625
0 0.69921875 0.56796875 0.04375 0.0875
2 0.46328125 0.55234375 0.203125 0.0578125
1 0.8078125 0.428125 0.0578125 0.02421875
2 0.9046875 0.51640625 0.10234375 0.06484375
2 0.1375 0.55078125 0.1453125 0.0484375
3 0.03828125 0.33203125 0.01328125 0.03359375
3 0.28046875 0.30546875 0.01015625 0.0375
3 0.3609375 0.30546875 0.009375 0.0359375
3 0.45703125 0.3046875 0.00859375 0.0375
3 0.7046875 0.240625 0.0171875 0.04921875
3 0.73125 0.20625 0.01953125 0.05625
3 0.61484375 0.4140625 0.00859375 0.009375
3 0.065625 0.34296875 0.0109375 0.03125
3 0.0953125 0.353125 0.009375 0.028125