2 0.36640625 0.52265625 0.10078125 0.10859375
2 0.43125 0.51015625 0.01328125 0.0171875
2 0.4671875 0.503125 0.00625 0.00703125
2 0.47734375 0.503125 0.0078125 0.00703125
2 0.4515625 0.5140625 0.0296875 0.02734375
2 0.49609375 0.51796875 0.03515625 0.03515625
1 0.56484375 0.4828125 0.01015625 0.0140625
3 0.48046875 0.4734375 0.0015625 0.00859375
3 0.49453125 0.4734375 0.0015625 0.00625
3 0.51171875 0.47265625 0.0015625 0.00625
3 0.51640625 0.490625 0.00234375 0.0046875
1 0.0140625 0.4703125 0.01484375 0.02421875