0 0.49921875 0.509375 0.01015625 0.0296875
0 0.4046875 0.50859375 0.00546875 0.01875
2 0.33359375 0.50390625 0.03515625 0.028125
0 0.34765625 0.50546875 0.00625 0.02578125
2 0.36640625 0.509375 0.0296875 0.01796875
2 0.5859375 0.5140625 0.02890625 0.0234375
2 0.62890625 0.51171875 0.03046875 0.02890625
2 0.67421875 0.51328125 0.0265625 0.02578125
1 0.7265625 0.4703125 0.01640625 0.025
3 0.6328125 0.446875 0.003125 0.0109375
2 0.8046875 0.5109375 0.04140625 0.01875
3 0.6546875 0.44609375 0.003125 0.01015625
3 0.68203125 0.44609375 0.003125 0.01015625
1 0.74296875 0.48671875 0.01953125 0.0125
0 0.41015625 0.5078125 0.00390625 0.01796875