2 0.4359375 0.5171875 0.04609375 0.04765625
3 0.340625 0.4109375 0.00390625 0.015625
3 0.43359375 0.42578125 0.00390625 0.01484375
3 0.4640625 0.42578125 0.00390625 0.01484375
2 0.50390625 0.51796875 0.034375 0.0375
3 0.50078125 0.42578125 0.00390625 0.0140625
2 0.37578125 0.51875 0.04375 0.03828125
0 0.28125 0.50859375 0.0109375 0.04296875
2 0.021875 0.51328125 0.04296875 0.0265625
0 0.05625 0.509375 0.00703125 0.03515625
0 0.0796875 0.509375 0.00546875 0.034375
0 0.090625 0.5109375 0.00703125 0.0296875
0 0.115625 0.50703125 0.0078125 0.028125
1 0.6078125 0.47734375 0.02890625 0.01875
3 0.56015625 0.47265625 0.00390625 0.0140625
0 0.3484375 0.50234375 0.00546875 0.01640625
3 0.34765625 0.4125 0.00390625 0.01796875
3 0.35234375 0.415625 0.00390625 0.0171875
3 0.3734375 0.45 0.00234375 0.009375
3 0.35390625 0.45 0.00234375 0.00859375
3 0.484375 0.45546875 0.00234375 0.0078125
3 0.50546875 0.45546875 0.00234375 0.00703125
3 0.42265625 0.453125 0.00390625 0.00859375
3 0.428125 0.48359375 0.00234375 0.0078125
1 0.3203125 0.4890625 0.0078125 0.01328125
1 0.24609375 0.4875 0.00546875 0.00859375
0 0.19375 0.50390625 0.00859375 0.0265625
1 0.20078125 0.490625 0.0078125 0.01015625
0 0.27265625 0.50390625 0.00390625 0.01875
2 0.02578125 0.49375 0.0515625 0.02265625
0 0.04375 0.50703125 0.01328125 0.04140625
0 0.0625 0.51171875 0.009375 0.03046875
0 0.0953125 0.51171875 0.00546875 0.02421875
0 0.121875 0.50625 0.0046875 0.02890625
0 0.12734375 0.50625 0.00546875 0.0265625
0 0.13203125 0.51015625 0.00390625 0.01796875