3 0.1796875 0.05078125 0.025 0.096875
3 0.4046875 0.05078125 0.02265625 0.096875
3 0.61640625 0.2125 0.01875 0.0546875
3 0.7734375 0.340625 0.0234375 0.0890625
1 0.59453125 0.46640625 0.0171875 0.02734375
2 0.40625 0.503125 0.02421875 0.025
2 0.43828125 0.503125 0.01796875 0.02265625
2 0.4671875 0.5078125 0.01953125 0.01953125
2 0.49765625 0.50859375 0.0234375 0.02421875
2 0.19296875 0.5046875 0.0296875 0.0140625
2 0.29765625 0.50546875 0.01953125 0.01328125
0 0.55078125 0.50234375 0.00546875 0.01796875
2 0.5296875 0.50078125 0.03671875 0.02421875
3 0.45390625 0.45859375 0.00234375 0.0078125
3 0.5359375 0.4546875 0.00234375 0.009375
0 0.3828125 0.50234375 0.0046875 0.0203125
3 0.4703125 0.4578125 0.00234375 0.00703125
3 0.49140625 0.45859375 0.00234375 0.0078125
3 0.52421875 0.48359375 0.0015625 0.00546875
2 0.478125 0.50546875 0.00625 0.0125
2 0.4515625 0.50703125 0.00859375 0.0140625
2 0.43125 0.509375 0.02109375 0.01953125
2 0.39921875 0.509375 0.02421875 0.021875
3 0.390625 0.459375 0.00234375 0.00625
3 0.39296875 0.4609375 0.0015625 0.00625
3 0.39453125 0.4609375 0.0015625 0.00703125
2 0.04140625 0.50546875 0.02265625 0.0140625