2 0.4625 0.66015625 0.39921875 0.390625
2 0.065625 0.6171875 0.13125 0.39375
2 0.89453125 0.51640625 0.09453125 0.05859375
1 0.16640625 0.48515625 0.015625 0.02109375
3 0.08046875 0.34765625 0.01171875 0.0296875
3 0.4625 0.325 0.00859375 0.034375
3 0.6046875 0.43671875 0.009375 0.0328125
3 0.69921875 0.2484375 0.01640625 0.0484375
1 0.75078125 0.44140625 0.04921875 0.01875
3 0.67890625 0.2734375 0.01484375 0.04375
3 0.37578125 0.32578125 0.00859375 0.034375
3 0.303125 0.325 0.00859375 0.0359375
3 0.10390625 0.35546875 0.0109375 0.02890625
3 0.12890625 0.36484375 0.00859375 0.02578125
3 0.16484375 0.45546875 0.0078125 0.0234375