3 0.37734375 0.3921875 0.0046875 0.021875
2 0.0671875 0.5703125 0.134375 0.14453125
2 0.14765625 0.53046875 0.1078125 0.078125
2 0.25703125 0.52265625 0.046875 0.0453125
2 0.309375 0.528125 0.06328125 0.05390625
2 0.3828125 0.5203125 0.0875 0.090625
2 0.4390625 0.51796875 0.03125 0.03828125
2 0.453125 0.503125 0.01640625 0.0203125
2 0.4953125 0.521875 0.05234375 0.0515625
1 0.23515625 0.4890625 0.0125 0.01875
3 0.565625 0.4609375 0.00546875 0.0203125
0 0.53203125 0.50234375 0.00390625 0.01484375
0 0.53671875 0.50234375 0.00390625 0.01484375
3 0.54140625 0.39921875 0.00390625 0.0171875
3 0.42265625 0.39140625 0.00546875 0.01953125
3 0.4765625 0.3921875 0.0046875 0.01875