2 0.54609375 0.55703125 0.1875 0.14140625
1 0.80703125 0.428125 0.059375 0.02734375
3 0.73046875 0.20703125 0.01953125 0.05625
3 0.2796875 0.30625 0.01015625 0.03671875
3 0.61484375 0.43046875 0.00859375 0.0375
3 0.03828125 0.3328125 0.0125 0.0328125
3 0.065625 0.34296875 0.01171875 0.03046875
3 0.0953125 0.353125 0.01015625 0.02890625
1 0.1390625 0.484375 0.0171875 0.0234375
3 0.13828125 0.453125 0.009375 0.02578125
2 0.45 0.5046875 0.01484375 0.01953125
1 0.4734375 0.478125 0.01796875 0.028125
2 0.4125 0.5046875 0.02265625 0.0234375
3 0.70390625 0.24140625 0.01875 0.05078125
3 0.36015625 0.30625 0.01015625 0.03828125
3 0.45625 0.30546875 0.009375 0.0375
1 0.571875 0.4796875 0.009375 0.01484375