1 0.80703125 0.428125 0.059375 0.02734375
3 0.73125 0.20703125 0.01953125 0.0578125
3 0.03828125 0.3328125 0.0125 0.0328125
3 0.065625 0.34296875 0.0109375 0.03046875
3 0.0953125 0.353125 0.01015625 0.02734375
1 0.1390625 0.484375 0.0171875 0.0234375
3 0.1390625 0.45234375 0.009375 0.025
3 0.28046875 0.30625 0.01015625 0.03828125
3 0.3609375 0.30625 0.00859375 0.0359375
3 0.45703125 0.30625 0.009375 0.0359375
3 0.61484375 0.4296875 0.009375 0.0375
1 0.4734375 0.478125 0.01875 0.0296875
1 0.57265625 0.48046875 0.01015625 0.01484375
2 0.49765625 0.503125 0.0265625 0.04140625
2 0.4578125 0.5015625 0.01171875 0.0125
3 0.70390625 0.24140625 0.01875 0.05078125