2 0.40703125 0.5046875 0.021875 0.025
2 0.40234375 0.50859375 0.0203125 0.01953125
2 0.45625 0.50390625 0.0109375 0.01484375
0 0.47578125 0.50390625 0.00625 0.02265625
0 0.48359375 0.50390625 0.00703125 0.0203125
2 0.4984375 0.50703125 0.01875 0.01875
0 0.46875 0.503125 0.00625 0.0203125
0 0.53046875 0.5046875 0.0046875 0.021875
0 0.5390625 0.50390625 0.00625 0.0203125
2 0.29765625 0.50625 0.01953125 0.01171875
3 0.45390625 0.45859375 0.00234375 0.00859375
3 0.47109375 0.45859375 0.003125 0.0078125
3 0.49140625 0.45859375 0.00234375 0.00859375
3 0.52421875 0.484375 0.00234375 0.00859375
3 0.7734375 0.33984375 0.025 0.08828125
3 0.61640625 0.2125 0.01875 0.053125
3 0.5359375 0.4546875 0.003125 0.009375
1 0.5953125 0.46796875 0.01875 0.02734375
3 0.1796875 0.05078125 0.02578125 0.09609375
3 0.40390625 0.05 0.021875 0.09765625
0 0.18984375 0.5046875 0.0046875 0.01640625
0 0.2 0.50390625 0.00625 0.0171875
0 0.20625 0.503125 0.0046875 0.0171875
0 0.21484375 0.50234375 0.00546875 0.01953125
2 0.46484375 0.5046875 0.0046875 0.00859375
2 0.4421875 0.496875 0.015625 0.00859375
2 0.4390625 0.509375 0.02109375 0.015625
2 0.4203125 0.5078125 0.0046875 0.0140625
1 0.37421875 0.49375 0.00625 0.00859375