0 0.5171875 0.509375 0.01015625 0.02890625
2 0.49765625 0.5125 0.02734375 0.02734375
2 0.4703125 0.51015625 0.02734375 0.0203125
2 0.40859375 0.515625 0.02890625 0.02421875
2 0.41796875 0.50390625 0.025 0.02578125
2 0.36328125 0.5140625 0.028125 0.0265625
2 0.37734375 0.5078125 0.03203125 0.0328125
3 0.43828125 0.4453125 0.00234375 0.0125
3 0.5328125 0.48125 0.003125 0.01015625
3 0.54921875 0.43984375 0.0046875 0.0125
1 0.3171875 0.49296875 0.00859375 0.01171875
0 0.21484375 0.50625 0.0078125 0.025
0 0.09296875 0.50625 0.01171875 0.03125
0 0.103125 0.50546875 0.0078125 0.02890625
0 0.1140625 0.50703125 0.00703125 0.03046875
0 0.121875 0.50546875 0.00703125 0.0296875
0 0.13046875 0.50703125 0.00703125 0.0265625
0 0.1390625 0.50625 0.00703125 0.0234375
0 0.14921875 0.50625 0.0078125 0.0265625
0 0.046875 0.50390625 0.00703125 0.02109375
0 0.19375 0.5109375 0.00625 0.01875
3 0.4609375 0.44609375 0.003125 0.01171875
3 0.48828125 0.44609375 0.003125 0.0109375
3 0.3671875 0.48359375 0.003125 0.009375
3 0.3546875 0.44765625 0.00234375 0.01015625
3 0.35703125 0.44921875 0.00234375 0.0109375
3 0.36015625 0.45 0.003125 0.01015625
1 0.0578125 0.4953125 0.00625 0.00859375