1 0.73046875 0.43203125 0.0390625 0.06015625
2 0.0953125 0.55859375 0.1765625 0.121875
2 0.21796875 0.525 0.084375 0.059375
2 0.3109375 0.5171875 0.040625 0.0359375
2 0.35546875 0.51953125 0.03046875 0.03828125
2 0.40390625 0.515625 0.06875 0.07421875
2 0.44921875 0.515625 0.02265625 0.03359375
2 0.45859375 0.50234375 0.01484375 0.01796875
2 0.496875 0.5171875 0.0390625 0.0390625
2 0.4796875 0.5046875 0.00859375 0.01171875
1 0.29765625 0.49140625 0.009375 0.01328125
3 0.41015625 0.4203125 0.00390625 0.01640625
3 0.5484375 0.47109375 0.0046875 0.01640625
3 0.53203125 0.421875 0.00390625 0.0140625
3 0.44375 0.41953125 0.00390625 0.0140625
3 0.48359375 0.4203125 0.00390625 0.0140625
2 0.359375 0.49453125 0.021875 0.0109375