2 0.0421875 0.69765625 0.084375 0.3109375
3 0.56171875 0.47109375 0.0046875 0.01640625
1 0.62578125 0.475 0.0359375 0.02421875
2 0.5625 0.51875 0.08046875 0.03671875
0 0.2171875 0.51328125 0.015625 0.05390625
0 0.14453125 0.50703125 0.0078125 0.028125
0 0.24375 0.5046875 0.00859375 0.0234375
0 0.3140625 0.5046875 0.00625 0.0203125
2 0.3703125 0.52109375 0.04296875 0.03515625
2 0.42734375 0.51953125 0.04765625 0.04609375
0 0.01796875 0.51171875 0.0109375 0.0390625
0 0.05234375 0.50859375 0.0109375 0.03671875
0 0.06875 0.5078125 0.00625 0.0328125
3 0.4171875 0.4171875 0.00390625 0.01640625
3 0.30546875 0.39609375 0.0046875 0.01953125
3 0.4515625 0.4171875 0.00390625 0.015625
3 0.49375 0.4171875 0.00390625 0.01484375
3 0.49921875 0.45390625 0.00234375 0.00859375
3 0.4765625 0.45390625 0.00234375 0.00859375
3 0.40859375 0.45 0.00234375 0.009375
3 0.4109375 0.4515625 0.0015625 0.009375
3 0.4125 0.453125 0.0015625 0.009375
3 0.415625 0.48359375 0.00234375 0.00859375
2 0.478125 0.503125 0.00703125 0.00625
2 0.5359375 0.4890625 0.00625 0.01015625
2 0.45546875 0.50390625 0.0078125 0.00625
3 0.35546875 0.446875 0.003125 0.01171875
3 0.3328125 0.446875 0.003125 0.009375
3 0.30625 0.446875 0.003125 0.01015625
3 0.3140625 0.4 0.0046875 0.02109375
3 0.3203125 0.40390625 0.0046875 0.02109375
1 0.28125 0.4875 0.0109375 0.0171875
0 0.2078125 0.50625 0.00546875 0.025
1 0.1546875 0.49140625 0.00859375 0.0109375
0 0.0734375 0.5140625 0.00390625 0.01953125
0 0.07734375 0.515625 0.00390625 0.0203125
0 0.0609375 0.5078125 0.00703125 0.034375