2 0.10234375 0.56171875 0.2046875 0.3625
0 0.61328125 0.51015625 0.01328125 0.046875
2 0.49453125 0.52109375 0.05390625 0.05546875
0 0.51796875 0.5 0.00703125 0.021875
2 0.21875 0.5265625 0.0640625 0.053125
2 0.265625 0.5109375 0.0734375 0.0578125
2 0.3078125 0.528125 0.065625 0.0515625
2 0.35859375 0.51171875 0.04296875 0.0546875
2 0.38828125 0.509375 0.015625 0.0203125
2 0.43828125 0.50546875 0.0125 0.01171875
3 0.4015625 0.41171875 0.00390625 0.01796875
3 0.55234375 0.4671875 0.00390625 0.0171875
3 0.5796875 0.39921875 0.00390625 0.01953125
3 0.58359375 0.39375 0.0046875 0.0203125
1 0.58671875 0.47890625 0.015625 0.00703125
3 0.48125 0.4125 0.00390625 0.0171875
3 0.4375 0.4125 0.00390625 0.0171875
2 0.471875 0.5015625 0.0078125 0.009375
3 0.30234375 0.47265625 0.00390625 0.015625
3 0.27421875 0.41796875 0.00390625 0.0171875
3 0.28203125 0.4203125 0.00390625 0.015625
3 0.290625 0.42265625 0.0046875 0.01328125
1 0.30390625 0.48984375 0.009375 0.0140625