3 0.42890625 0.43828125 0.003125 0.01171875
3 0.53828125 0.478125 0.003125 0.0109375
3 0.52578125 0.4375 0.00234375 0.00859375
1 0.603125 0.47109375 0.01640625 0.0265625
2 0.33828125 0.51640625 0.034375 0.03203125
1 0.3359375 0.49453125 0.00859375 0.01015625
2 0.0671875 0.56875 0.134375 0.140625
2 0.25859375 0.5234375 0.06796875 0.05078125
2 0.37265625 0.51875 0.0296875 0.03515625
2 0.41484375 0.51640625 0.06015625 0.06796875
2 0.453125 0.5140625 0.0234375 0.03046875
2 0.496875 0.51640625 0.03359375 0.03359375
2 0.371875 0.5 0.0265625 0.01796875
2 0.4625 0.50390625 0.0109375 0.01484375
2 0.48046875 0.50546875 0.00625 0.01015625
3 0.4546875 0.43828125 0.003125 0.01015625
3 0.48671875 0.43828125 0.003125 0.01015625