3 0.77421875 0.33984375 0.025 0.08828125
3 0.61640625 0.21328125 0.01796875 0.0546875
3 0.40390625 0.05078125 0.021875 0.09765625
3 0.1796875 0.05078125 0.025 0.0984375
3 0.45390625 0.4578125 0.0015625 0.0078125
3 0.4703125 0.4578125 0.00234375 0.00625
3 0.490625 0.45859375 0.00234375 0.0078125
3 0.53515625 0.4546875 0.00234375 0.01015625
3 0.52421875 0.484375 0.0015625 0.00859375
1 0.59453125 0.4671875 0.01484375 0.0265625
0 0.540625 0.50234375 0.00390625 0.01953125
0 0.54609375 0.503125 0.00546875 0.01875
0 0.0953125 0.50390625 0.00546875 0.01484375
0 0.21953125 0.50234375 0.00546875 0.01953125
2 0.1921875 0.50546875 0.02578125 0.0125
0 0.18671875 0.5046875 0.0046875 0.0171875
2 0.29765625 0.50546875 0.01953125 0.01328125
2 0.37890625 0.51640625 0.0375 0.03515625
2 0.3875 0.50390625 0.028125 0.02890625
2 0.47109375 0.50703125 0.01328125 0.01484375
2 0.49609375 0.51640625 0.040625 0.04296875
2 0.4328125 0.49609375 0.01796875 0.00859375
2 0.4078125 0.5078125 0.00703125 0.015625
2 0.421875 0.51015625 0.021875 0.021875
2 0.44921875 0.5125 0.03125 0.0296875
2 0.11875 0.50390625 0.0171875 0.01484375
2 0.4984375 0.49140625 0.015625 0.00703125
3 0.39140625 0.459375 0.00234375 0.00703125
3 0.39296875 0.46015625 0.0015625 0.00625
3 0.39453125 0.46015625 0.0015625 0.00625