2 0.0734375 0.6046875 0.146875 0.3953125
2 0.2921875 0.52109375 0.046875 0.040625
2 0.32109375 0.5109375 0.053125 0.04765625
2 0.36015625 0.52265625 0.04453125 0.0375
2 0.38046875 0.51171875 0.034375 0.04375
2 0.49609375 0.51796875 0.03984375 0.03984375
0 0.51796875 0.5109375 0.009375 0.0375
0 0.56328125 0.509375 0.009375 0.0375
2 0.4328125 0.5078125 0.01328125 0.01171875
2 0.4703125 0.50390625 0.0078125 0.01015625
3 0.565625 0.41953125 0.003125 0.01640625
3 0.56796875 0.41640625 0.003125 0.01484375
3 0.41796875 0.42734375 0.003125 0.01484375
3 0.4484375 0.42734375 0.003125 0.01484375
3 0.484375 0.42890625 0.003125 0.01328125
3 0.54296875 0.47421875 0.00390625 0.0140625
1 0.23125 0.4890625 0.0125 0.0171875
1 0.56875 0.484375 0.0125 0.00546875
1 0.2546875 0.4875 0.015625 0.00625
3 0.33046875 0.478125 0.00234375 0.01171875
3 0.3203125 0.4359375 0.003125 0.01171875
3 0.31015625 0.43125 0.003125 0.01015625
3 0.31484375 0.43359375 0.003125 0.01171875