2 0.421875 0.5109375 0.02421875 0.02109375
1 0.8375 0.38125 0.06484375 0.10625
2 0.4984375 0.50859375 0.02421875 0.02421875
2 0.4828125 0.50234375 0.009375 0.01015625
2 0.46640625 0.5015625 0.009375 0.0125
2 0.4296875 0.50234375 0.021875 0.02421875
2 0.39296875 0.50546875 0.02734375 0.02890625
2 0.38125 0.51015625 0.0234375 0.02265625
2 0.36328125 0.50625 0.01015625 0.015625
3 0.4453125 0.45 0.003125 0.0109375
3 0.54375 0.4453125 0.00390625 0.0109375
0 0.5109375 0.50546875 0.00625 0.02265625
0 0.51953125 0.5046875 0.00859375 0.02890625
3 0.5296875 0.48125 0.003125 0.009375
1 0.3421875 0.4921875 0.00703125 0.009375
0 0.265625 0.5046875 0.00625 0.01953125
0 0.1921875 0.50390625 0.00625 0.02421875
0 0.1140625 0.503125 0.00703125 0.02265625
0 0.11953125 0.5046875 0.00625 0.01796875
0 0.13125 0.503125 0.0078125 0.0234375
0 0.140625 0.50390625 0.00703125 0.0234375
0 0.1484375 0.50234375 0.0078125 0.021875
0 0.15703125 0.50234375 0.0078125 0.02265625
0 0.1640625 0.503125 0.0046875 0.0234375
0 0.09453125 0.50703125 0.00703125 0.01875
0 0.02265625 0.50625 0.01015625 0.01953125
3 0.46484375 0.45 0.00234375 0.009375
3 0.4890625 0.45 0.00234375 0.00859375
3 0.3796875 0.48359375 0.00234375 0.0078125
3 0.3703125 0.4515625 0.0015625 0.00703125
3 0.37265625 0.45234375 0.00234375 0.00546875