2 0.4546875 0.71015625 0.909375 0.5734375
0 0.85625 0.54609375 0.05703125 0.2
0 0.9125 0.5453125 0.04296875 0.20078125
1 0.80703125 0.428125 0.05859375 0.025
3 0.7046875 0.24140625 0.0171875 0.05
3 0.45703125 0.30703125 0.00859375 0.0375
3 0.36015625 0.3078125 0.00859375 0.03515625
3 0.28046875 0.30625 0.00859375 0.034375
3 0.61484375 0.421875 0.009375 0.01953125
2 0.49375 0.55625 0.11171875 0.06484375
0 0.07265625 0.5609375 0.03359375 0.1875
3 0.03828125 0.33359375 0.0125 0.03203125
3 0.06640625 0.34296875 0.0125 0.03046875
3 0.09609375 0.35390625 0.01015625 0.02890625
3 0.73125 0.2078125 0.01796875 0.05625