2 0.31015625 0.5171875 0.0515625 0.0390625
2 0.3609375 0.51328125 0.01953125 0.025
2 0.40546875 0.51796875 0.06796875 0.07578125
2 0.45703125 0.5109375 0.0265625 0.028125
2 0.49765625 0.5140625 0.03046875 0.03359375
2 0.4703125 0.50234375 0.00859375 0.01171875
1 0.5484375 0.4875 0.0078125 0.01171875
3 0.45 0.45625 0.00234375 0.00859375
3 0.5265625 0.484375 0.00234375 0.00859375
2 0.36796875 0.51796875 0.00703125 0.03046875
3 0.46796875 0.45546875 0.00234375 0.00546875
3 0.490625 0.45546875 0.00234375 0.00625