3 0.7734375 0.33984375 0.0234375 0.08984375
1 0.59453125 0.4671875 0.02109375 0.03515625
3 0.61640625 0.2125 0.01875 0.0546875
3 0.45390625 0.45703125 0.0015625 0.00546875
2 0.40625 0.50390625 0.02265625 0.02578125
2 0.40234375 0.50859375 0.01875 0.01875
2 0.43515625 0.509375 0.01875 0.0171875
2 0.44296875 0.503125 0.01953125 0.02109375
2 0.471875 0.50625 0.0171875 0.01796875
2 0.4984375 0.50703125 0.02109375 0.01875
2 0.2984375 0.50546875 0.0203125 0.01328125
0 0.32578125 0.503125 0.00546875 0.01875
0 0.115625 0.503125 0.00546875 0.0203125
0 0.1625 0.5046875 0.00625 0.015625
3 0.5359375 0.4546875 0.00234375 0.009375
3 0.18046875 0.05 0.025 0.09609375
3 0.4046875 0.0515625 0.02109375 0.096875
0 0.18515625 0.5046875 0.00546875 0.01640625
0 0.196875 0.503125 0.00625 0.01796875
0 0.2125 0.50390625 0.0046875 0.01484375
0 0.553125 0.50390625 0.00625 0.0171875
1 0.37421875 0.49296875 0.00546875 0.00703125
2 0.4203125 0.5078125 0.00390625 0.015625
3 0.39765625 0.48515625 0.0015625 0.00625
3 0.39140625 0.459375 0.0015625 0.0078125
3 0.39296875 0.46015625 0.00234375 0.00703125
2 0.4578125 0.50546875 0.009375 0.0109375
2 0.48203125 0.5046875 0.00625 0.0109375
3 0.52421875 0.484375 0.0015625 0.0078125
3 0.4703125 0.4578125 0.00234375 0.00546875
3 0.49140625 0.45859375 0.003125 0.0078125