3 0.2796875 0.30546875 0.01015625 0.0375
1 0.1390625 0.484375 0.01640625 0.02265625
2 0.60546875 0.50703125 0.140625 0.08359375
3 0.73125 0.20625 0.01953125 0.05859375
1 0.80703125 0.428125 0.06015625 0.028125
1 0.4734375 0.4796875 0.01796875 0.0296875
3 0.03828125 0.3328125 0.01328125 0.03359375
2 0.44296875 0.50234375 0.0140625 0.015625
2 0.46328125 0.50390625 0.009375 0.0109375
2 0.49765625 0.50625 0.01484375 0.01953125
3 0.615625 0.4296875 0.009375 0.03671875
3 0.70390625 0.240625 0.01796875 0.05078125
3 0.45703125 0.30546875 0.00859375 0.0375
3 0.3609375 0.30625 0.00859375 0.0390625
3 0.13828125 0.45234375 0.00859375 0.025
3 0.065625 0.34296875 0.0109375 0.03046875
3 0.0953125 0.35390625 0.01015625 0.02890625