1 0.7625 0.43359375 0.0375 0.059375
0 0.09140625 0.50859375 0.00859375 0.03125
2 0.13203125 0.5046875 0.071875 0.0375
0 0.1390625 0.50703125 0.009375 0.03515625
0 0.175 0.51015625 0.0109375 0.0296875
0 0.19609375 0.51015625 0.00859375 0.02734375
0 0.20625 0.50703125 0.0078125 0.02890625
0 0.21328125 0.50703125 0.00625 0.0265625
0 0.22109375 0.50703125 0.0078125 0.028125
0 0.2765625 0.50546875 0.00625 0.02265625
0 0.3203125 0.5046875 0.0046875 0.0171875
0 0.33984375 0.50546875 0.00546875 0.01640625
0 0.365625 0.509375 0.00703125 0.03515625
2 0.4328125 0.51953125 0.0375 0.03203125
2 0.48984375 0.51640625 0.0390625 0.0375
2 0.54765625 0.5171875 0.03125 0.03359375
2 0.5171875 0.50390625 0.00546875 0.00703125
1 0.63515625 0.4828125 0.02421875 0.0140625
3 0.4078125 0.42421875 0.003125 0.01484375
3 0.48671875 0.4359375 0.003125 0.0125
3 0.59921875 0.47734375 0.00234375 0.0125
3 0.51328125 0.4359375 0.00234375 0.01171875
3 0.5453125 0.4359375 0.00234375 0.0125
3 0.53125 0.46015625 0.00234375 0.00703125
3 0.5515625 0.4609375 0.00234375 0.00625
3 0.47890625 0.48671875 0.00234375 0.00703125
3 0.4734375 0.4578125 0.00234375 0.00859375
3 0.47578125 0.459375 0.0015625 0.0078125
3 0.4109375 0.45546875 0.003125 0.01015625
3 0.4296875 0.45546875 0.00234375 0.00859375
3 0.4125 0.42578125 0.00390625 0.0140625
3 0.41640625 0.428125 0.003125 0.015625
3 0.3890625 0.45625 0.003125 0.00859375
1 0.0671875 0.48046875 0.01015625 0.01875