2 0.071875 0.61328125 0.14375 0.3640625
0 0.1140625 0.5109375 0.02265625 0.06015625
0 0.1625 0.5046875 0.00703125 0.0234375
0 0.209375 0.50390625 0.00703125 0.025
0 0.08671875 0.50703125 0.009375 0.03359375
1 0.6640625 0.46484375 0.046875 0.0328125
2 0.84609375 0.5203125 0.10859375 0.040625
2 0.3703125 0.51875 0.04140625 0.03515625
2 0.4265625 0.5171875 0.04765625 0.0484375
3 0.4015625 0.4 0.00546875 0.01953125
3 0.26015625 0.371875 0.00546875 0.0234375
3 0.284375 0.440625 0.003125 0.0109375
3 0.3140625 0.43984375 0.003125 0.0125
3 0.3390625 0.43984375 0.00234375 0.01171875
3 0.5703125 0.46484375 0.0046875 0.01953125
3 0.47265625 0.44765625 0.003125 0.0109375
3 0.49765625 0.44765625 0.003125 0.0109375
1 0.228125 0.484375 0.0109375 0.0203125
1 0.1703125 0.48515625 0.00859375 0.01171875
1 0.93359375 0.471875 0.00859375 0.02421875
3 0.44140625 0.4015625 0.0046875 0.01875
3 0.490625 0.40234375 0.0046875 0.01875
3 0.27265625 0.3765625 0.00625 0.0265625
3 0.2828125 0.38125 0.00546875 0.02109375
3 0.23125 0.4484375 0.00390625 0.02734375
3 0.40625 0.48125 0.00234375 0.00859375
3 0.3984375 0.44453125 0.00234375 0.009375
3 0.40078125 0.4453125 0.0015625 0.009375
3 0.40234375 0.44609375 0.0015625 0.0078125
0 0.21875 0.50390625 0.00546875 0.0234375
0 0.22421875 0.50546875 0.0046875 0.02265625