2 0.484375 0.56640625 0.16484375 0.165625
2 0.1171875 0.6234375 0.234375 0.48125
2 0.33671875 0.515625 0.05234375 0.06015625
2 0.39609375 0.50859375 0.01796875 0.02109375
2 0.8140625 0.52109375 0.03125 0.0328125
0 0.8875 0.48515625 0.02421875 0.021875
1 0.67734375 0.4578125 0.03125 0.01171875
1 0.21015625 0.48671875 0.0125 0.01640625
3 0.14609375 0.36953125 0.00546875 0.02109375
3 0.1625 0.37734375 0.00625 0.02109375
3 0.18125 0.3828125 0.0046875 0.01953125
3 0.3390625 0.35546875 0.00546875 0.02734375
3 0.39765625 0.35703125 0.00546875 0.02578125
3 0.46875 0.35625 0.00625 0.02421875
3 0.58515625 0.446875 0.00546875 0.025
3 0.64140625 0.32109375 0.0078125 0.0328125
3 0.6546875 0.30625 0.0078125 0.03515625