3 0.7734375 0.33828125 0.025 0.0859375
3 0.45390625 0.45703125 0.0015625 0.0046875
3 0.52421875 0.484375 0.0015625 0.0078125
3 0.5359375 0.4546875 0.00234375 0.009375
1 0.59453125 0.4671875 0.01796875 0.03203125
0 0.52890625 0.50234375 0.00390625 0.01796875
0 0.53828125 0.50390625 0.00546875 0.0203125
0 0.546875 0.503125 0.00546875 0.0171875
0 0.371875 0.50390625 0.0046875 0.01953125
0 0.3796875 0.503125 0.0046875 0.01953125
0 0.20859375 0.50234375 0.0046875 0.0203125
2 0.29765625 0.50546875 0.01875 0.01328125
2 0.403125 0.51328125 0.028125 0.028125
2 0.396875 0.50390625 0.025 0.02734375
2 0.428125 0.51015625 0.0203125 0.01875
2 0.4578125 0.51015625 0.02578125 0.02578125
2 0.496875 0.51328125 0.03203125 0.034375
2 0.471875 0.50625 0.01171875 0.0171875
2 0.43515625 0.50234375 0.021875 0.021875
2 0.0921875 0.503125 0.01953125 0.01875
0 0.11015625 0.5046875 0.00625 0.0171875
3 0.61640625 0.21171875 0.01953125 0.0546875
3 0.1796875 0.05078125 0.025 0.096875
3 0.4046875 0.05078125 0.021875 0.09765625
3 0.49140625 0.45859375 0.00234375 0.00703125
3 0.47109375 0.45703125 0.00234375 0.00625
2 0.4984375 0.4921875 0.01484375 0.0078125
2 0.19296875 0.5046875 0.0234375 0.01171875