1 0.18203125 0.484375 0.0171875 0.021875
2 0.5 0.51875 0.046875 0.04765625
0 0.52890625 0.51328125 0.00859375 0.04609375
0 0.55234375 0.50859375 0.00859375 0.04609375
3 0.5578125 0.465625 0.003125 0.015625
3 0.3984375 0.40546875 0.003125 0.0171875
3 0.43671875 0.40625 0.003125 0.01640625
3 0.4828125 0.40546875 0.00390625 0.01640625
2 0.28828125 0.51015625 0.0578125 0.05390625
2 0.2609375 0.52265625 0.053125 0.04609375
2 0.33984375 0.5234375 0.05078125 0.04375
2 0.35859375 0.51171875 0.04296875 0.05625
2 0.39375 0.51015625 0.02109375 0.01953125
2 0.45546875 0.50234375 0.01171875 0.01640625
2 0.6328125 0.51640625 0.01796875 0.025
3 0.58671875 0.39375 0.00703125 0.021875
0 0.06015625 0.50703125 0.0078125 0.0296875
1 0.5890625 0.47890625 0.01640625 0.00703125
1 0.490625 0.48828125 0.0078125 0.01484375
2 0.46484375 0.503125 0.00703125 0.00703125