2 0.196875 0.52578125 0.08359375 0.06328125
2 0.2921875 0.51953125 0.04140625 0.03984375
2 0.32265625 0.5234375 0.01875 0.0453125
2 0.378125 0.52109375 0.09375 0.10078125
2 0.43828125 0.51640625 0.034375 0.04140625
2 0.50078125 0.51875 0.04609375 0.0453125
3 0.41640625 0.4234375 0.003125 0.01484375
3 0.54921875 0.4734375 0.003125 0.01640625
1 0.6046875 0.4703125 0.015625 0.02734375
1 0.29921875 0.48984375 0.0078125 0.01171875
2 0.47578125 0.5046875 0.0125 0.0140625
3 0.534375 0.42109375 0.00234375 0.00859375
2 0.453125 0.503125 0.01328125 0.01796875
2 0.46796875 0.503125 0.0078125 0.009375
3 0.4484375 0.4234375 0.003125 0.01328125
3 0.4859375 0.4234375 0.003125 0.0125