1 0.7171875 0.43203125 0.0390625 0.06328125
0 0.42578125 0.5125 0.00546875 0.0265625
0 0.43828125 0.51328125 0.00625 0.0265625
0 0.47109375 0.5125 0.01171875 0.02890625
0 0.52265625 0.51171875 0.00625 0.03046875
2 0.5 0.51484375 0.028125 0.02890625
2 0.4484375 0.5078125 0.0125 0.01796875
2 0.465625 0.5078125 0.00859375 0.009375
2 0.4796875 0.509375 0.009375 0.015625
2 0.40234375 0.5171875 0.03046875 0.02421875
2 0.409375 0.51015625 0.0234375 0.034375
2 0.34375 0.5171875 0.03203125 0.0296875
2 0.35546875 0.51171875 0.0375 0.03828125
2 0.38203125 0.51484375 0.01328125 0.021875
3 0.42890625 0.4375 0.00234375 0.01171875
3 0.54140625 0.478125 0.00234375 0.01171875
3 0.559375 0.43125 0.00390625 0.01484375
3 0.33203125 0.440625 0.0078125 0.01171875
3 0.34140625 0.48046875 0.00234375 0.0109375
1 0.29921875 0.49296875 0.01015625 0.01171875
0 0.2140625 0.5078125 0.0109375 0.03671875
0 0.11484375 0.50859375 0.0109375 0.02890625
0 0.0484375 0.5078125 0.00546875 0.03125
0 0.0203125 0.50859375 0.0078125 0.03125
0 0.0296875 0.503125 0.00625 0.02109375
0 0.0390625 0.503125 0.00703125 0.021875
2 0.2625 0.5140625 0.04609375 0.021875
3 0.45625 0.4375 0.00234375 0.0109375
3 0.48828125 0.4375 0.00234375 0.0109375