1 0.1046875 0.47578125 0.0171875 0.02421875
1 0.15703125 0.4796875 0.01171875 0.02109375
1 0.56328125 0.48515625 0.01015625 0.01328125
2 0.2703125 0.54609375 0.19296875 0.184375
2 0.3890625 0.50703125 0.0453125 0.03203125
2 0.39765625 0.515625 0.025 0.02578125
2 0.42890625 0.521875 0.0453125 0.04296875
2 0.5 0.5265625 0.05625 0.0578125
2 0.45703125 0.5046875 0.0078125 0.00859375
2 0.47109375 0.5046875 0.009375 0.009375
1 0.69140625 0.45 0.0265625 0.0453125
3 0.4625 0.4671875 0.0015625 0.00546875
3 0.4765625 0.4671875 0.0015625 0.00546875
3 0.49375 0.4671875 0.00234375 0.00625
3 0.52265625 0.48984375 0.00234375 0.0046875