3 0.92734375 0.26328125 0.0359375 0.13046875
3 0.6859375 0.075 0.02890625 0.07890625
1 0.64765625 0.44921875 0.0265625 0.04296875
2 0.5 0.515625 0.040625 0.03828125
2 0.44921875 0.51171875 0.03203125 0.03046875
2 0.4671875 0.51015625 0.01328125 0.01875
2 0.41328125 0.50546875 0.03515625 0.03515625
2 0.378125 0.51640625 0.03359375 0.034375
2 0.403125 0.5140625 0.02265625 0.02890625
2 0.35703125 0.5078125 0.03671875 0.03828125
0 0.296875 0.5046875 0.00859375 0.02734375
0 0.32109375 0.5078125 0.0078125 0.021875
0 0.33046875 0.5046875 0.00703125 0.0296875
0 0.53203125 0.50390625 0.00625 0.0296875
0 0.5453125 0.50390625 0.00703125 0.02734375
0 0.559375 0.50546875 0.0078125 0.02734375
0 0.575 0.5046875 0.00859375 0.03046875
1 0.31640625 0.48984375 0.009375 0.0109375
3 0.5375 0.47734375 0.00234375 0.0109375
3 0.5546875 0.4328125 0.00390625 0.0140625
3 0.4890625 0.43828125 0.003125 0.01171875
3 0.459375 0.4390625 0.00234375 0.01171875
3 0.43359375 0.43828125 0.003125 0.01171875
3 0.33984375 0.440625 0.00234375 0.01015625
3 0.34296875 0.44140625 0.00234375 0.0109375
3 0.34609375 0.4421875 0.00234375 0.009375
2 0.5 0.4890625 0.02421875 0.01484375
2 0.20234375 0.50859375 0.025 0.01796875
0 0.14375 0.5078125 0.0078125 0.01875
0 0.03828125 0.50859375 0.0046875 0.01953125
0 0.04765625 0.5078125 0.009375 0.02265625
0 0.059375 0.5046875 0.00703125 0.02734375
0 0.06796875 0.50546875 0.0078125 0.03125
0 0.075 0.50546875 0.009375 0.0296875
0 0.0921875 0.50859375 0.01171875 0.02109375