3 0.18515625 0.21328125 0.01484375 0.05703125
3 0.815625 0.11875 0.025 0.075
3 0.6796875 0.396875 0.0140625 0.05546875
1 0.96484375 0.39453125 0.0703125 0.0390625
2 0.971875 0.51640625 0.05625 0.10390625
2 0.40078125 0.50546875 0.025 0.028125
2 0.43828125 0.50546875 0.01953125 0.0234375
2 0.4984375 0.5109375 0.0265625 0.03515625
1 0.4703125 0.46875 0.02578125 0.0453125
1 0.61171875 0.471875 0.0140625 0.02421875
3 0.303125 0.2125 0.01484375 0.05390625
3 0.44609375 0.2125 0.01328125 0.05546875
3 0.85546875 0.06796875 0.028125 0.0828125
1 0.32578125 0.48828125 0.00546875 0.009375
1 0.25078125 0.490625 0.00390625 0.00703125