3 0.84453125 0.31171875 0.02734375 0.1046875
3 0.6625 0.13046875 0.0234375 0.0671875
1 0.6359375 0.4578125 0.02421875 0.0390625
2 0.5 0.534375 0.0765625 0.0796875
2 0.2765625 0.5328125 0.07421875 0.0609375
2 0.31328125 0.5109375 0.0515625 0.04921875
0 0.34921875 0.5078125 0.00546875 0.02578125
0 0.5671875 0.509375 0.0046875 0.02265625
0 0.5734375 0.5078125 0.00625 0.0265625
0 0.0859375 0.50625 0.00703125 0.0265625
0 0.103125 0.50703125 0.00703125 0.0265625
0 0.10703125 0.50703125 0.00625 0.0265625
0 0.1421875 0.51171875 0.00546875 0.01796875
2 0.0578125 0.509375 0.03203125 0.01640625
2 0.203125 0.5109375 0.0421875 0.01640625
2 0.37265625 0.5203125 0.03203125 0.034375
2 0.41640625 0.521875 0.05390625 0.05546875
2 0.45859375 0.51171875 0.0203125 0.02578125
3 0.4359375 0.4421875 0.003125 0.01171875
3 0.553125 0.43671875 0.00390625 0.01171875
3 0.53671875 0.4796875 0.00234375 0.01015625
3 0.13515625 0.0109375 0.02734375 0.021875
3 0.403125 0.01015625 0.025 0.0203125
2 0.5 0.4890625 0.0203125 0.01015625
0 0.0609375 0.5078125 0.00546875 0.0234375
3 0.46015625 0.4421875 0.003125 0.01171875
3 0.4890625 0.4421875 0.003125 0.0109375