3 0.9265625 0.26328125 0.03671875 0.13046875
3 0.68515625 0.075 0.0265625 0.07890625
1 0.6484375 0.44921875 0.02421875 0.04296875
0 0.58125 0.5046875 0.009375 0.028125
0 0.52734375 0.50703125 0.00859375 0.02734375
0 0.54140625 0.50546875 0.00546875 0.0265625
0 0.5140625 0.5078125 0.0078125 0.02890625
2 0.49921875 0.5109375 0.03125 0.0296875
2 0.45703125 0.50859375 0.028125 0.0296875
2 0.4734375 0.50703125 0.00859375 0.01796875
2 0.43515625 0.51015625 0.0140625 0.0203125
2 0.4125 0.50625 0.03203125 0.034375
2 0.4046875 0.51484375 0.03046875 0.02578125
2 0.36953125 0.50703125 0.034375 0.03828125
2 0.35390625 0.51328125 0.03046875 0.0296875
0 0.33828125 0.503125 0.0078125 0.0265625
1 0.31640625 0.490625 0.009375 0.0109375
3 0.33984375 0.440625 0.00234375 0.01015625
3 0.34296875 0.44140625 0.00234375 0.01015625
3 0.3453125 0.44296875 0.00234375 0.0109375
3 0.43359375 0.4390625 0.00390625 0.01328125
3 0.5375 0.47734375 0.00390625 0.0125
3 0.5546875 0.4328125 0.00390625 0.0140625
2 0.20390625 0.509375 0.02734375 0.01796875
0 0.2609375 0.49765625 0.00625 0.01484375
0 0.0453125 0.50546875 0.0078125 0.028125
0 0.0546875 0.50859375 0.00625 0.0203125
0 0.065625 0.5046875 0.00703125 0.028125
0 0.0734375 0.5046875 0.00625 0.0265625
0 0.03046875 0.50859375 0.0046875 0.01875
0 0.0375 0.5078125 0.00625 0.0203125
3 0.459375 0.4390625 0.003125 0.0125
3 0.4890625 0.43828125 0.003125 0.01171875
0 0.08046875 0.5078125 0.00390625 0.01953125