2 0.31875 0.54765625 0.12890625 0.11953125
2 0.396875 0.51328125 0.03515625 0.03046875
2 0.49921875 0.5265625 0.06796875 0.06953125
1 0.64453125 0.46875 0.01640625 0.028125
1 0.56484375 0.48203125 0.00859375 0.015625
3 0.29140625 0.4546875 0.0015625 0.00703125
3 0.29375 0.45625 0.0015625 0.00703125
3 0.296875 0.45625 0.0015625 0.00703125
3 0.440625 0.45703125 0.00234375 0.009375
3 0.46484375 0.45703125 0.00234375 0.0078125
3 0.48515625 0.45703125 0.00234375 0.0078125
1 0.02734375 0.4734375 0.021875 0.01328125