1 0.84375 0.4546875 0.025 0.03828125
2 0.628125 0.51796875 0.04609375 0.03984375
2 0.69375 0.5171875 0.053125 0.046875
2 0.76015625 0.51875 0.0359375 0.03671875
2 0.95234375 0.5125 0.0625 0.03125
0 0.503125 0.51328125 0.01484375 0.040625
0 0.51640625 0.50703125 0.00703125 0.01953125
0 0.64921875 0.50390625 0.0125 0.02265625
2 0.26015625 0.5046875 0.04453125 0.040625
0 0.26796875 0.5109375 0.00859375 0.03203125
0 0.27734375 0.51015625 0.009375 0.034375
0 0.34453125 0.5125 0.009375 0.02890625
0 0.3609375 0.5109375 0.009375 0.034375
0 0.3703125 0.5078125 0.009375 0.03515625
0 0.3796875 0.5078125 0.0078125 0.0328125
2 0.30546875 0.51484375 0.040625 0.02421875
3 0.60859375 0.4125 0.003125 0.0171875
3 0.61328125 0.41484375 0.003125 0.0171875
3 0.69921875 0.42109375 0.00390625 0.015625
3 0.765625 0.44765625 0.003125 0.01171875
3 0.79140625 0.44765625 0.003125 0.01171875
1 0.86328125 0.4796875 0.028125 0.01796875
3 0.60625 0.44296875 0.003125 0.01171875
3 0.63046875 0.44375 0.003125 0.01328125
3 0.57734375 0.44375 0.00390625 0.01171875
1 0.4484375 0.490625 0.00859375 0.009375
3 0.73203125 0.42109375 0.00390625 0.015625
3 0.771875 0.42109375 0.003125 0.015625
3 0.60234375 0.41484375 0.003125 0.00859375