0 0.18125 0.51171875 0.0171875 0.06171875
1 0.6640625 0.4671875 0.04296875 0.025
0 0.05 0.50703125 0.01015625 0.0375
1 0.06015625 0.48671875 0.00859375 0.0125
1 0.12890625 0.48359375 0.00859375 0.0140625
1 0.23984375 0.4828125 0.01171875 0.0203125
0 0.27734375 0.50546875 0.009375 0.02734375
2 0.321875 0.5296875 0.0640625 0.0484375
2 0.4109375 0.525 0.0671875 0.06484375
2 0.5109375 0.5265625 0.05234375 0.05390625
3 0.59296875 0.46015625 0.00625 0.0203125
3 0.26875 0.36953125 0.0046875 0.01875
3 0.278125 0.37109375 0.00546875 0.02578125
3 0.28515625 0.375 0.0046875 0.0234375
3 0.28515625 0.425 0.0046875 0.01875
3 0.3140625 0.42421875 0.0046875 0.0171875
3 0.38671875 0.43046875 0.0015625 0.0109375
3 0.40625 0.38984375 0.0046875 0.02265625
3 0.45078125 0.38984375 0.00625 0.02109375
3 0.5046875 0.390625 0.00546875 0.021875
3 0.4796875 0.43359375 0.00390625 0.01328125
3 0.5109375 0.43359375 0.00390625 0.01328125
0 0.55 0.50390625 0.00546875 0.02109375
2 0.45703125 0.50390625 0.009375 0.01015625
2 0.4765625 0.50234375 0.01171875 0.00859375
0 0.16171875 0.50390625 0.00703125 0.0328125
0 0.16953125 0.50546875 0.00703125 0.028125
1 0.32890625 0.48046875 0.01875 0.00625
3 0.39609375 0.47578125 0.00234375 0.0109375
3 0.3890625 0.43125 0.0015625 0.01015625
3 0.39140625 0.4328125 0.0015625 0.01015625