3 0.9265625 0.26328125 0.03671875 0.13046875
3 0.684375 0.07578125 0.02734375 0.07890625
1 0.6484375 0.45078125 0.02578125 0.04375
0 0.5203125 0.50625 0.0078125 0.0296875
2 0.553125 0.5 0.06171875 0.03359375
0 0.53046875 0.50546875 0.00703125 0.03046875
0 0.5453125 0.50390625 0.00859375 0.0265625
0 0.5625 0.5046875 0.00546875 0.02890625
0 0.57734375 0.50390625 0.009375 0.02890625
3 0.5546875 0.4328125 0.00390625 0.01484375
3 0.53828125 0.47578125 0.003125 0.0109375
3 0.4890625 0.4390625 0.003125 0.01171875
3 0.459375 0.43828125 0.003125 0.0109375
3 0.434375 0.43828125 0.003125 0.0109375
2 0.49921875 0.5140625 0.034375 0.0359375
2 0.45390625 0.5109375 0.03046875 0.03046875
2 0.46953125 0.5078125 0.01171875 0.01875
2 0.4015625 0.515625 0.03203125 0.03046875
2 0.41015625 0.50546875 0.0296875 0.03359375
2 0.43046875 0.51015625 0.01171875 0.02265625
2 0.36484375 0.50546875 0.03515625 0.03515625
2 0.38515625 0.51171875 0.0109375 0.01796875
2 0.35234375 0.51484375 0.0375 0.03125
0 0.32890625 0.50546875 0.00703125 0.02734375
1 0.31640625 0.48984375 0.0078125 0.01171875
3 0.33984375 0.440625 0.00234375 0.01015625
3 0.34296875 0.4421875 0.00234375 0.01015625
3 0.3453125 0.4421875 0.00234375 0.01015625
0 0.2796875 0.50546875 0.0078125 0.028125
2 0.2046875 0.509375 0.02890625 0.01953125
0 0.128125 0.51171875 0.00859375 0.015625
0 0.03984375 0.5078125 0.00703125 0.02265625
0 0.04765625 0.50546875 0.00859375 0.025
0 0.059375 0.5046875 0.00625 0.028125
0 0.065625 0.50390625 0.00546875 0.02890625
0 0.071875 0.50390625 0.00625 0.0265625
0 0.0828125 0.509375 0.00546875 0.0171875