2 0.5 0.72265625 0.590625 0.54765625
1 0.01171875 0.4765625 0.0234375 0.028125
3 0.0109375 0.43203125 0.0140625 0.03359375
3 0.21796875 0.240625 0.01484375 0.05
3 0.325 0.240625 0.01328125 0.05390625
3 0.453125 0.23984375 0.0125 0.05078125
3 0.77578125 0.16328125 0.0234375 0.06796875
3 0.8078125 0.128125 0.02421875 0.075
3 0.66328125 0.40625 0.01484375 0.04921875
1 0.8859375 0.4140625 0.07265625 0.03828125
2 0.29609375 0.5171875 0.06328125 0.0875
2 0.3734375 0.51640625 0.02734375 0.01484375
2 0.49765625 0.53984375 0.16796875 0.0625