2 0.03359375 0.54375 0.06640625 0.12890625
2 0.14765625 0.53359375 0.06875 0.071875
2 0.22578125 0.53828125 0.090625 0.08203125
2 0.3375 0.53046875 0.12734375 0.13671875
2 0.41640625 0.52421875 0.04375 0.06171875
2 0.50078125 0.528125 0.07421875 0.0765625
3 0.325 0.340625 0.00703125 0.0296875
3 0.60234375 0.44375 0.009375 0.0328125
1 0.1140625 0.4828125 0.02109375 0.0296875
0 0.55625 0.50390625 0.00546875 0.0203125
1 0.56796875 0.47734375 0.01328125 0.02109375
0 0.54921875 0.50390625 0.0078125 0.0203125
3 0.4484375 0.45078125 0.00546875 0.01796875
3 0.46796875 0.45078125 0.0046875 0.0140625
3 0.49140625 0.453125 0.00546875 0.0125
3 0.52890625 0.48203125 0.00390625 0.009375
3 0.54296875 0.4484375 0.00546875 0.0109375
2 0.4671875 0.50703125 0.01328125 0.0171875
2 0.43359375 0.50390625 0.0203125 0.02890625
3 0.56640625 0.35078125 0.0078125 0.02734375
3 0.39140625 0.340625 0.0078125 0.0296875
3 0.471875 0.3390625 0.00625 0.0296875