2 0.58515625 0.584375 0.275 0.20859375
3 0.8140625 0.1171875 0.03046875 0.07265625
3 0.85546875 0.06875 0.02890625 0.0859375
3 0.6796875 0.396875 0.01484375 0.053125
3 0.4453125 0.21328125 0.01328125 0.05859375
3 0.303125 0.21328125 0.0140625 0.05703125
3 0.184375 0.21328125 0.015625 0.05703125
1 0.46953125 0.46796875 0.02734375 0.046875
1 0.96484375 0.39296875 0.0703125 0.0390625
1 0.6109375 0.46875 0.01484375 0.021875
2 0.428125 0.5078125 0.021875 0.03203125
2 0.371875 0.509375 0.034375 0.04140625
1 0.32578125 0.48828125 0.00703125 0.009375