3 0.184375 0.21484375 0.0140625 0.05546875
3 0.8140625 0.11640625 0.02734375 0.07578125
3 0.6796875 0.39609375 0.01328125 0.05546875
1 0.965625 0.39375 0.06796875 0.03984375
1 0.4703125 0.46796875 0.025 0.04375
1 0.61171875 0.471875 0.015625 0.02890625
2 0.5 0.50625 0.03515625 0.0578125
2 0.4390625 0.50390625 0.01640625 0.01640625
2 0.459375 0.50390625 0.0125 0.01640625
3 0.303125 0.21328125 0.0125 0.05390625
3 0.44609375 0.21328125 0.01171875 0.05390625
3 0.85625 0.06640625 0.0265625 0.08515625