3 0.92734375 0.26328125 0.0359375 0.1296875
3 0.68515625 0.07578125 0.0265625 0.08046875
1 0.6484375 0.45 0.02421875 0.04296875
1 0.31640625 0.48984375 0.0078125 0.01015625
3 0.33984375 0.440625 0.00234375 0.01015625
3 0.34296875 0.44140625 0.00234375 0.01015625
3 0.3453125 0.44296875 0.00234375 0.009375
3 0.43359375 0.43828125 0.00390625 0.01171875
3 0.45859375 0.43828125 0.00390625 0.01171875
3 0.4890625 0.43828125 0.003125 0.0109375
3 0.5375 0.47734375 0.00390625 0.01171875
3 0.55390625 0.4328125 0.00390625 0.01328125
0 0.54375 0.50390625 0.00859375 0.02890625
0 0.528125 0.51015625 0.0078125 0.025
0 0.4421875 0.509375 0.00625 0.02890625
0 0.4515625 0.50859375 0.00859375 0.03046875
0 0.46171875 0.5078125 0.00703125 0.0296875
2 0.47265625 0.50625 0.015625 0.01796875
0 0.47265625 0.50703125 0.0078125 0.028125
2 0.49921875 0.5109375 0.03125 0.02734375
2 0.44140625 0.5046875 0.01484375 0.02109375
2 0.4109375 0.5125 0.02890625 0.02421875
2 0.41875 0.50234375 0.0265625 0.025
2 0.384375 0.5125 0.00703125 0.01796875
2 0.3640625 0.50625 0.03359375 0.0375
2 0.35859375 0.5125 0.0296875 0.028125
2 0.2046875 0.509375 0.0265625 0.01796875
0 0.04140625 0.5078125 0.00703125 0.021875
0 0.053125 0.5046875 0.0078125 0.0265625
0 0.0625 0.5046875 0.00703125 0.02734375
0 0.06953125 0.50390625 0.00546875 0.02890625
0 0.07421875 0.50390625 0.00625 0.028125
0 0.08125 0.503125 0.0078125 0.0296875
0 0.09140625 0.509375 0.00625 0.0171875