2 0.2390625 0.52265625 0.07109375 0.059375
2 0.296875 0.52890625 0.01328125 0.05234375
2 0.35859375 0.5234375 0.11171875 0.11484375
2 0.43828125 0.51640625 0.04140625 0.04375
2 0.459375 0.50390625 0.0125 0.01796875
2 0.5 0.51953125 0.0484375 0.053125
2 0.4796875 0.50390625 0.0078125 0.01015625
1 0.5609375 0.48359375 0.00859375 0.015625
3 0.5359375 0.48203125 0.003125 0.0140625
3 0.4375 0.44375 0.003125 0.0125
3 0.4609375 0.44375 0.003125 0.0125
3 0.4890625 0.44375 0.00390625 0.01328125
3 0.52578125 0.44140625 0.003125 0.0109375