1 0.66015625 0.45625 0.0234375 0.04140625
2 0.49921875 0.52265625 0.05 0.05078125
2 0.38046875 0.5234375 0.0859375 0.09453125
2 0.14921875 0.534375 0.09921875 0.0734375
2 0.26484375 0.52421875 0.05078125 0.0453125
2 0.315625 0.528125 0.040625 0.0484375
2 0.31640625 0.50078125 0.040625 0.0296875
2 0.4375 0.51796875 0.03671875 0.046875
2 0.4734375 0.509375 0.0125 0.01484375
1 0.26015625 0.49140625 0.01171875 0.01875
3 0.39765625 0.40859375 0.0046875 0.0171875
3 0.43671875 0.40859375 0.0046875 0.015625
3 0.4828125 0.409375 0.0046875 0.01796875
3 0.55859375 0.46875 0.0046875 0.0171875
0 0.4640625 0.5078125 0.0046875 0.015625