0 0.51796875 0.509375 0.00703125 0.034375
0 0.00625 0.5078125 0.01171875 0.0375
0 0.0484375 0.50546875 0.01171875 0.03828125
0 0.15625 0.5078125 0.00859375 0.03125
1 0.2703125 0.4875 0.0109375 0.0140625
2 0.303125 0.51171875 0.01953125 0.02109375
2 0.328125 0.515625 0.034375 0.0328125
2 0.34765625 0.509375 0.0421875 0.03984375
2 0.38828125 0.51640625 0.034375 0.02890625
2 0.396875 0.50625 0.03359375 0.03671875
2 0.4515625 0.50390625 0.01484375 0.0171875
2 0.4765625 0.5046875 0.015625 0.015625
2 0.50078125 0.51328125 0.0359375 0.03203125
3 0.5453125 0.47265625 0.00390625 0.01328125
3 0.4203125 0.42578125 0.0046875 0.0140625
3 0.45078125 0.4265625 0.00390625 0.01328125
3 0.48671875 0.4265625 0.00390625 0.01328125
3 0.56640625 0.41875 0.00546875 0.01640625
0 0.5296875 0.509375 0.00703125 0.03359375
1 0.5671875 0.48359375 0.01171875 0.00625
3 0.31796875 0.43203125 0.003125 0.01171875
1 0.99140625 0.325 0.0171875 0.1578125
3 0.3140625 0.43046875 0.00234375 0.0125
3 0.31015625 0.4296875 0.00234375 0.01328125
2 0.46640625 0.50390625 0.00625 0.009375