2 0.22421875 0.52578125 0.07421875 0.059375
2 0.3 0.5203125 0.02890625 0.03828125
2 0.31171875 0.52890625 0.01484375 0.04296875
2 0.36640625 0.525 0.10078125 0.1046875
2 0.43984375 0.5171875 0.040625 0.0390625
2 0.49921875 0.51953125 0.04453125 0.04765625
3 0.428125 0.4359375 0.003125 0.0125
3 0.54140625 0.478125 0.003125 0.01171875
1 0.5765625 0.4796875 0.01171875 0.01875
3 0.52890625 0.434375 0.003125 0.01015625
2 0.478125 0.50625 0.0109375 0.01328125
2 0.45625 0.50390625 0.01328125 0.01796875
3 0.45546875 0.4359375 0.00234375 0.0125
3 0.48828125 0.4359375 0.003125 0.01328125