3 0.9265625 0.26328125 0.03671875 0.13046875
3 0.68515625 0.07578125 0.02734375 0.07890625
1 0.6484375 0.45 0.025 0.0421875
0 0.58046875 0.5046875 0.00703125 0.025
0 0.51484375 0.50625 0.00625 0.0265625
0 0.52578125 0.5078125 0.00546875 0.02578125
0 0.32109375 0.50703125 0.00703125 0.02265625
1 0.31640625 0.48984375 0.00859375 0.01171875
3 0.5375 0.47734375 0.003125 0.0125
3 0.43359375 0.43828125 0.00390625 0.01171875
3 0.45859375 0.43828125 0.003125 0.01171875
3 0.4890625 0.43828125 0.003125 0.01171875
3 0.5546875 0.43359375 0.00390625 0.015625
1 0.5546875 0.48671875 0.01015625 0.00625
2 0.47421875 0.50703125 0.00859375 0.01640625
2 0.46015625 0.509375 0.025 0.025
2 0.5 0.5109375 0.0296875 0.028125
2 0.43984375 0.509375 0.0140625 0.01640625
2 0.41796875 0.50546875 0.0296875 0.03125
2 0.40625 0.51328125 0.028125 0.025
2 0.38359375 0.51015625 0.00859375 0.02265625
2 0.35859375 0.5125 0.02734375 0.02734375
2 0.36328125 0.50703125 0.03203125 0.0390625
3 0.33984375 0.440625 0.00234375 0.01015625
3 0.34296875 0.44140625 0.00234375 0.01015625
3 0.34609375 0.4421875 0.00234375 0.01015625
3 0.3515625 0.47890625 0.00234375 0.01015625
0 0.24375 0.50546875 0.00859375 0.02734375
2 0.20390625 0.50859375 0.02734375 0.01796875
0 0.10234375 0.509375 0.00703125 0.01875
0 0.04609375 0.50625 0.00625 0.02578125
0 0.05390625 0.5046875 0.00703125 0.025
0 0.06328125 0.50390625 0.0078125 0.02890625
0 0.06953125 0.503125 0.0046875 0.02890625
0 0.0765625 0.50390625 0.00703125 0.0265625
0 0.00390625 0.50859375 0.00625 0.02109375