2 0.29609375 0.5375 0.16796875 0.16484375
2 0.39921875 0.5109375 0.0234375 0.03125
2 0.43125 0.5171875 0.0453125 0.04453125
2 0.5 0.52265625 0.05546875 0.05546875
1 0.0375 0.47109375 0.015625 0.0234375
1 0.57890625 0.4796875 0.0140625 0.01875
2 0.38359375 0.50234375 0.03125 0.02265625
3 0.459375 0.4625 0.0015625 0.0078125
3 0.475 0.46171875 0.00234375 0.00703125
3 0.49375 0.4625 0.00234375 0.00859375
3 0.51796875 0.459375 0.0015625 0.00703125
3 0.52421875 0.48671875 0.0015625 0.00546875
2 0.46953125 0.5015625 0.0125 0.0140625
2 0.45546875 0.503125 0.00859375 0.01015625
1 0.990625 0.35625 0.01875 0.12578125