2 0.25859375 0.49375 0.0859375 0.028125
0 0.53828125 0.51328125 0.0109375 0.0390625
2 0.64921875 0.52109375 0.04609375 0.0390625
2 0.721875 0.51796875 0.05078125 0.04921875
2 0.79765625 0.52109375 0.0390625 0.04296875
1 0.915625 0.47421875 0.03515625 0.01953125
1 0.98125 0.4359375 0.0359375 0.05859375
3 0.71796875 0.41171875 0.00390625 0.01640625
3 0.62265625 0.40390625 0.00546875 0.01640625
0 0.2375 0.50625 0.01015625 0.03984375
0 0.24765625 0.50859375 0.01328125 0.04140625
2 0.27734375 0.51328125 0.059375 0.028125
0 0.26015625 0.50703125 0.0109375 0.0421875
0 0.496875 0.50390625 0.00703125 0.02421875
0 0.5046875 0.50390625 0.00859375 0.02578125
0 0.515625 0.50234375 0.00703125 0.0234375
0 0.3484375 0.50390625 0.009375 0.040625
0 0.31953125 0.50859375 0.01171875 0.03828125
3 0.871875 0.46640625 0.0046875 0.0171875
2 0.76328125 0.503125 0.009375 0.01015625
2 0.2109375 0.51640625 0.025 0.021875
0 0.35859375 0.51015625 0.00703125 0.02421875
0 0.3671875 0.509375 0.00546875 0.02421875
1 0.44296875 0.48828125 0.009375 0.0109375
3 0.7546875 0.4109375 0.00390625 0.0171875
3 0.79921875 0.4109375 0.00390625 0.01640625
3 0.61484375 0.40234375 0.00390625 0.01171875