2 0.3140625 0.52890625 0.0609375 0.05078125
2 0.39765625 0.52578125 0.06953125 0.06484375
2 0.9671875 0.525 0.065625 0.065625
0 0.0734375 0.5078125 0.009375 0.0359375
0 0.08671875 0.5078125 0.0109375 0.03359375
0 0.17734375 0.50390625 0.0078125 0.03203125
3 0.35859375 0.353125 0.00703125 0.02890625
3 0.41875 0.353125 0.00703125 0.028125
3 0.49140625 0.35390625 0.00625 0.02734375
3 0.46328125 0.4234375 0.003125 0.0140625
3 0.60859375 0.446875 0.00703125 0.028125
1 0.7515625 0.44609375 0.071875 0.04921875
0 0.0046875 0.50859375 0.009375 0.0390625
3 0.15078125 0.31015625 0.009375 0.034375
1 0.26015625 0.47421875 0.01953125 0.00859375
3 0.4984375 0.4234375 0.00390625 0.01484375
0 0.51640625 0.50234375 0.00546875 0.01875
0 0.53046875 0.50390625 0.0046875 0.02109375
0 0.54296875 0.50625 0.0046875 0.0203125
2 0.465625 0.50234375 0.009375 0.009375
2 0.475 0.503125 0.00703125 0.00859375
3 0.35078125 0.41796875 0.003125 0.0140625
3 0.3546875 0.41953125 0.003125 0.01484375
3 0.35859375 0.421875 0.003125 0.01328125
3 0.2640625 0.4109375 0.00390625 0.01796875
3 0.228125 0.4109375 0.0046875 0.01640625
3 0.36484375 0.471875 0.00390625 0.01484375
1 0.56015625 0.47734375 0.01328125 0.0140625
3 0.1078125 0.4234375 0.01015625 0.040625
1 0.1046875 0.47734375 0.01796875 0.03125
1 0.01640625 0.47890625 0.01171875 0.0203125
2 0.00859375 0.715625 0.01484375 0.16484375
3 0.16953125 0.31953125 0.00859375 0.03515625
3 0.184375 0.3265625 0.0078125 0.03671875
1 0.35859375 0.490625 0.0078125 0.0125
0 0.096875 0.5078125 0.0078125 0.03046875