3 0.92734375 0.2625 0.03515625 0.12890625
3 0.68359375 0.07421875 0.02734375 0.07890625
1 0.6484375 0.45078125 0.02578125 0.04375
1 0.31640625 0.490625 0.0078125 0.0109375
2 0.5 0.51875 0.04921875 0.0484375
2 0.5 0.4875 0.02265625 0.01171875
0 0.54375 0.50390625 0.009375 0.0265625
0 0.559375 0.5046875 0.0078125 0.0265625
0 0.5703125 0.50546875 0.00390625 0.02578125
0 0.32421875 0.5046875 0.00703125 0.0296875
3 0.33984375 0.440625 0.00234375 0.0109375
3 0.3421875 0.44140625 0.00234375 0.0109375
3 0.34609375 0.44296875 0.00234375 0.01015625
3 0.434375 0.43828125 0.00390625 0.01171875
3 0.45859375 0.4390625 0.003125 0.01171875
3 0.4890625 0.4390625 0.00234375 0.0109375
3 0.5546875 0.4328125 0.003125 0.0140625
3 0.5375 0.47734375 0.00234375 0.01171875
0 0.1609375 0.50703125 0.00625 0.02109375
2 0.20390625 0.50859375 0.02734375 0.01640625
2 0.3609375 0.51953125 0.0421875 0.03984375
2 0.34921875 0.50703125 0.0359375 0.0390625
2 0.396875 0.51484375 0.0296875 0.028125
2 0.40625 0.4953125 0.03046875 0.0125
2 0.44140625 0.5140625 0.03828125 0.03671875
2 0.4640625 0.509375 0.01328125 0.0234375
0 0.06328125 0.5046875 0.00625 0.02890625
0 0.071875 0.50390625 0.00703125 0.028125
0 0.078125 0.50390625 0.00703125 0.02890625
0 0.046875 0.50703125 0.0078125 0.0234375
0 0.1046875 0.5078125 0.00546875 0.01953125
0 0.0296875 0.50859375 0.003125 0.01875
0 0.03828125 0.5078125 0.00390625 0.01796875
0 0.57578125 0.5046875 0.00625 0.02421875