2 0.284375 0.53984375 0.17890625 0.17421875
2 0.06875 0.56875 0.1375 0.12578125
2 0.140625 0.5359375 0.0734375 0.07109375
2 0.40625 0.52421875 0.0609375 0.06328125
2 0.5 0.53828125 0.08671875 0.0875
2 0.46328125 0.5109375 0.0140625 0.0265625
1 0.58203125 0.47578125 0.0140625 0.0234375
3 0.6390625 0.4234375 0.0109375 0.0421875
3 0.4609375 0.28359375 0.0109375 0.04296875
3 0.35234375 0.28359375 0.01015625 0.04375
3 0.26171875 0.2828125 0.01015625 0.04453125
3 0.58359375 0.309375 0.0125 0.0375
3 0.44453125 0.44921875 0.003125 0.01015625
3 0.46484375 0.44921875 0.00390625 0.01015625
3 0.490625 0.45 0.003125 0.01015625
3 0.53125 0.48203125 0.00234375 0.01015625
3 0.5453125 0.4453125 0.00390625 0.009375
0 0.55390625 0.50625 0.00546875 0.0203125
0 0.5609375 0.5046875 0.00546875 0.02265625
0 0.17578125 0.5046875 0.00390625 0.02109375
0 0.18046875 0.5046875 0.0046875 0.0203125
0 0.184375 0.50546875 0.00390625 0.0203125
1 0.00703125 0.47890625 0.0140625 0.0328125
2 0.4984375 0.4890625 0.02265625 0.00703125
2 0.428125 0.5046875 0.0234375 0.0265625