2 0.665625 0.51796875 0.09765625 0.06328125
2 0.7953125 0.5046875 0.0328125 0.02265625
2 0.8296875 0.50390625 0.0171875 0.01640625
2 0.846875 0.503125 0.0140625 0.01953125
2 0.87265625 0.50234375 0.0390625 0.034375
2 0.9 0.503125 0.0109375 0.01484375
2 0.9125 0.5015625 0.01015625 0.00703125
2 0.9296875 0.503125 0.025 0.021875
1 0.9921875 0.48359375 0.01015625 0.0109375
3 0.88359375 0.4703125 0.0015625 0.00546875
3 0.953125 0.4859375 0.00234375 0.00625
3 0.94375 0.46875 0.0015625 0.00625
3 0.89921875 0.46953125 0.00234375 0.00546875
3 0.91875 0.46953125 0.0015625 0.0046875