2 0.35078125 0.5765625 0.7015625 0.815625
0 0.7984375 0.51796875 0.0296875 0.08125
2 0.9296875 0.646875 0.140625 0.528125
3 0.9140625 0.38828125 0.00625 0.0203125
3 0.84609375 0.396875 0.00625 0.01796875
3 0.79765625 0.40390625 0.00546875 0.01796875
2 0.77421875 0.5015625 0.025 0.03046875
2 0.8640625 0.5 0.0171875 0.01640625
1 0.92578125 0.48125 0.01328125 0.01640625
1 0.7203125 0.48984375 0.0078125 0.01171875
3 0.72109375 0.47578125 0.0046875 0.01328125
3 0.68046875 0.43125 0.00546875 0.0140625
3 0.69140625 0.43515625 0.00625 0.015625
3 0.7015625 0.43828125 0.00546875 0.015625