2 0.17265625 0.64921875 0.3453125 0.69453125
1 0.59296875 0.484375 0.0125 0.01796875
3 0.6875 0.315625 0.009375 0.0359375
3 0.77109375 0.28984375 0.01015625 0.040625
3 0.909375 0.24765625 0.01484375 0.0515625
2 0.85625 0.5015625 0.01171875 0.0109375
2 0.86484375 0.50078125 0.0078125 0.0109375
2 0.88046875 0.50078125 0.01328125 0.0109375
2 0.89375 0.50078125 0.009375 0.0078125
2 0.90625 0.5015625 0.0125 0.00859375
2 0.92578125 0.5015625 0.01640625 0.0109375
0 0.96484375 0.5015625 0.00390625 0.0140625
3 0.9546875 0.471875 0.0015625 0.0046875