2 0.10234375 0.5046875 0.20390625 0.1296875
2 0.56328125 0.53125 0.15390625 0.0890625
2 0.95546875 0.51640625 0.08828125 0.06640625
2 0.82890625 0.5140625 0.0796875 0.059375
2 0.72734375 0.51640625 0.0703125 0.0421875
3 0.90234375 0.4359375 0.003125 0.0109375
3 0.8625 0.43828125 0.003125 0.01015625
3 0.82109375 0.440625 0.003125 0.01171875
3 0.59140625 0.4453125 0.00234375 0.00859375
3 0.634375 0.48125 0.003125 0.009375
3 0.603125 0.446875 0.00234375 0.0078125
3 0.615625 0.44921875 0.003125 0.0078125