2 0.17578125 0.6484375 0.34453125 0.7
3 0.6875 0.31484375 0.009375 0.0359375
3 0.771875 0.2890625 0.0109375 0.040625
3 0.909375 0.246875 0.0140625 0.05
1 0.5921875 0.484375 0.0125 0.015625
2 0.8546875 0.50078125 0.0125 0.0140625
2 0.8671875 0.50234375 0.0140625 0.0125
2 0.87890625 0.5015625 0.009375 0.0140625
2 0.9 0.50234375 0.0171875 0.0125
2 0.928125 0.503125 0.02265625 0.015625
0 0.95078125 0.5 0.003125 0.0125
0 0.965625 0.5 0.00390625 0.0140625
0 0.84375 0.5 0.003125 0.01171875
3 0.88984375 0.4765625 0.00078125 0.00546875
3 0.95546875 0.47265625 0.0015625 0.00546875
3 0.94453125 0.4890625 0.0015625 0.0046875
2 0.88671875 0.50078125 0.00625 0.0109375
3 0.903125 0.47578125 0.00078125 0.0046875
3 0.91796875 0.47578125 0.0015625 0.0046875