2 0.9484375 0.53828125 0.10078125 0.175
2 0.3515625 0.5828125 0.703125 0.83359375
2 0.84375 0.5 0.021875 0.01953125
2 0.88203125 0.5015625 0.01328125 0.0125
3 0.7984375 0.403125 0.00546875 0.01796875
3 0.84609375 0.39765625 0.00546875 0.01796875
3 0.9140625 0.38828125 0.00625 0.02109375
1 0.92578125 0.48125 0.01484375 0.0203125
1 0.72109375 0.490625 0.00859375 0.01171875
3 0.6828125 0.434375 0.0046875 0.015625
3 0.7203125 0.47578125 0.00546875 0.01328125
3 0.68984375 0.4359375 0.00390625 0.01484375
3 0.7015625 0.43984375 0.00390625 0.01484375