2 0.171875 0.64921875 0.340625 0.69375
1 0.5859375 0.48515625 0.0125 0.01640625
3 0.67734375 0.309375 0.0109375 0.03828125
3 0.7640625 0.28125 0.0125 0.04296875
3 0.909375 0.23515625 0.01640625 0.05625
2 0.85546875 0.503125 0.01328125 0.01171875
2 0.86640625 0.50234375 0.009375 0.01015625
2 0.87890625 0.503125 0.009375 0.009375
2 0.8828125 0.50234375 0.00859375 0.01015625
2 0.8953125 0.50234375 0.01015625 0.01015625
2 0.925 0.50390625 0.01484375 0.01015625
0 0.94140625 0.50234375 0.003125 0.0109375
3 0.9546875 0.4734375 0.0015625 0.00625
3 0.88984375 0.478125 0.0015625 0.00546875
3 0.94453125 0.490625 0.0015625 0.00546875
2 0.91015625 0.503125 0.0078125 0.00625
3 0.91796875 0.478125 0.0015625 0.0046875
3 0.90234375 0.478125 0.0015625 0.0046875