2 0.35 0.58203125 0.7 0.82734375
3 0.7984375 0.403125 0.00546875 0.01875
3 0.84609375 0.39765625 0.00546875 0.01875
3 0.9140625 0.38828125 0.00625 0.01953125
2 0.890625 0.5 0.0109375 0.00703125
2 0.92578125 0.5015625 0.01796875 0.0140625
1 0.92578125 0.48125 0.0140625 0.01875
2 0.8734375 0.5 0.0125 0.01171875
1 0.99609375 0.48515625 0.00703125 0.015625
1 0.7203125 0.4890625 0.00703125 0.00859375
3 0.68125 0.43359375 0.00546875 0.015625
3 0.69140625 0.43671875 0.00390625 0.01484375
3 0.7015625 0.4390625 0.00390625 0.0125