3 0.6875 0.315625 0.01015625 0.03671875
3 0.771875 0.2890625 0.0109375 0.040625
3 0.909375 0.24765625 0.015625 0.05234375
1 0.5921875 0.484375 0.01171875 0.01875
2 0.8546875 0.5015625 0.0140625 0.01171875
2 0.878125 0.50234375 0.0140625 0.009375
2 0.90390625 0.5015625 0.01484375 0.01015625
2 0.92578125 0.5015625 0.0171875 0.01328125
2 0.890625 0.5015625 0.00703125 0.009375
0 0.93984375 0.5015625 0.00390625 0.01171875
0 0.9703125 0.49921875 0.003125 0.01484375
3 0.9546875 0.47265625 0.00234375 0.00625
3 0.94453125 0.4890625 0.00234375 0.00546875
3 0.890625 0.47734375 0.0015625 0.0046875
2 0.1734375 0.6484375 0.346875 0.703125
2 0.86484375 0.50234375 0.00625 0.01015625
2 0.8796875 0.4953125 0.01015625 0.003125
3 0.90234375 0.4765625 0.0015625 0.0046875
3 0.91796875 0.47578125 0.0015625 0.0046875