2 0.58828125 0.55 0.4 0.29375
2 0.94765625 0.5484375 0.10390625 0.209375
2 0.8359375 0.50078125 0.02890625 0.02890625
2 0.86328125 0.50234375 0.0125 0.01015625
2 0.275 0.53125 0.13359375 0.096875
2 0.3484375 0.55625 0.18203125 0.13515625
2 0.06015625 0.59453125 0.11953125 0.19609375
3 0.809375 0.41171875 0.0046875 0.015625
3 0.34921875 0.45625 0.003125 0.00859375
3 0.85390625 0.40703125 0.0046875 0.0171875
3 0.91484375 0.39921875 0.0046875 0.0171875
3 0.36796875 0.4578125 0.00234375 0.0078125
3 0.3828125 0.45703125 0.00234375 0.00703125