2 0.35 0.5828125 0.7 0.825
2 0.96796875 0.515625 0.0640625 0.08046875
2 0.9265625 0.50234375 0.0203125 0.01875
2 0.86171875 0.49921875 0.01640625 0.0140625
2 0.88828125 0.5 0.0125 0.0078125
3 0.68046875 0.43125 0.00390625 0.0140625
3 0.79765625 0.40390625 0.0046875 0.01796875
3 0.84609375 0.396875 0.00546875 0.01796875
3 0.9140625 0.38828125 0.00625 0.01875
1 0.92578125 0.48203125 0.0140625 0.0171875
1 0.7203125 0.4890625 0.00703125 0.01015625
3 0.71953125 0.47734375 0.00625 0.01171875
3 0.69140625 0.434375 0.00390625 0.01484375
3 0.70234375 0.4375 0.00390625 0.01328125