2 0.35 0.58203125 0.7 0.82734375
3 0.68125 0.43203125 0.00390625 0.01328125
3 0.7984375 0.40390625 0.00546875 0.01796875
3 0.846875 0.39765625 0.00546875 0.01875
3 0.9140625 0.3875 0.00703125 0.021875
1 0.71953125 0.4890625 0.00859375 0.01015625
2 0.92734375 0.50078125 0.02109375 0.0203125
1 0.9265625 0.48125 0.01484375 0.01953125
1 0.9953125 0.48515625 0.009375 0.0109375
2 0.89140625 0.50078125 0.009375 0.00625
3 0.69140625 0.43359375 0.00390625 0.01171875
3 0.70234375 0.43828125 0.003125 0.0109375