2 0.17265625 0.64921875 0.3453125 0.69609375
3 0.91015625 0.2484375 0.01640625 0.0515625
3 0.77109375 0.28984375 0.0109375 0.0421875
3 0.68671875 0.315625 0.00859375 0.03515625
1 0.59296875 0.484375 0.0109375 0.01484375
0 0.95703125 0.49921875 0.00390625 0.0125
2 0.92578125 0.50234375 0.015625 0.0109375
2 0.8921875 0.5 0.00859375 0.00859375
2 0.9015625 0.50078125 0.00390625 0.00703125
2 0.9078125 0.50234375 0.009375 0.00859375
2 0.86640625 0.5015625 0.00859375 0.009375
2 0.88046875 0.50078125 0.01328125 0.01015625
2 0.85625 0.5015625 0.01171875 0.01171875