2 0.17265625 0.64921875 0.3453125 0.69609375
3 0.771875 0.2890625 0.01171875 0.0421875
3 0.909375 0.24765625 0.015625 0.05234375
3 0.6875 0.31640625 0.01015625 0.0359375
1 0.5921875 0.48359375 0.0125 0.01640625
2 0.92578125 0.5015625 0.0171875 0.01171875
2 0.88125 0.50078125 0.01484375 0.01328125
2 0.85703125 0.5015625 0.0125 0.0109375
2 0.86640625 0.50078125 0.00703125 0.0109375
2 0.8953125 0.50078125 0.01171875 0.01171875
3 0.890625 0.4765625 0.0015625 0.0046875
3 0.90234375 0.4765625 0.0015625 0.0046875
3 0.91796875 0.4765625 0.0015625 0.0046875
3 0.95546875 0.471875 0.0015625 0.00625
3 0.94453125 0.48984375 0.00234375 0.00546875