2 0.35078125 0.58203125 0.7015625 0.8265625
2 0.83515625 0.5046875 0.0171875 0.01484375
2 0.846875 0.50234375 0.0140625 0.0140625
2 0.86328125 0.50546875 0.01875 0.0125
2 0.86953125 0.5 0.015625 0.01484375
2 0.9046875 0.50390625 0.0203125 0.0109375
2 0.9265625 0.50390625 0.021875 0.01796875
3 0.88125 0.47109375 0.00234375 0.0078125
3 0.96953125 0.46328125 0.00234375 0.0078125
0 0.94453125 0.50234375 0.0046875 0.01640625
3 0.95390625 0.4875 0.00234375 0.00859375
3 0.89765625 0.4703125 0.00234375 0.00703125
3 0.91796875 0.46953125 0.00234375 0.00703125