2 0.28125 0.72421875 0.5625 0.54296875
2 0.721875 0.515625 0.07265625 0.05234375
2 0.7640625 0.50546875 0.034375 0.028125
2 0.80546875 0.5046875 0.0234375 0.015625
2 0.83515625 0.5046875 0.0234375 0.02109375
2 0.87109375 0.50234375 0.0453125 0.0390625
2 0.89765625 0.5046875 0.009375 0.0171875
2 0.90859375 0.50078125 0.0078125 0.00625
2 0.9328125 0.503125 0.03125 0.02734375
3 0.865625 0.4578125 0.003125 0.01171875
3 0.971875 0.48203125 0.00390625 0.01328125
3 0.88828125 0.45703125 0.003125 0.01015625
3 0.91796875 0.45390625 0.00234375 0.009375