2 0.209375 0.5734375 0.41796875 0.196875
2 0.66640625 0.53125 0.29140625 0.21484375
2 0.81953125 0.50859375 0.02109375 0.0265625
2 0.83828125 0.50234375 0.03203125 0.02734375
2 0.93828125 0.50703125 0.04453125 0.03203125
3 0.86015625 0.45234375 0.00234375 0.01015625
3 0.97578125 0.47734375 0.003125 0.01171875
2 0.3359375 0.50234375 0.15078125 0.05703125
2 0.878125 0.50078125 0.0078125 0.00625
2 0.90078125 0.5 0.00546875 0.00390625
3 0.88515625 0.4515625 0.00234375 0.009375
3 0.9171875 0.44921875 0.003125 0.009375