2 0.22578125 0.58828125 0.45078125 0.82265625
2 0.47890625 0.50546875 0.06953125 0.06796875
2 0.53203125 0.51640625 0.046875 0.05078125
2 0.59375 0.5265625 0.0765625 0.065625
2 0.71484375 0.53671875 0.18828125 0.14609375
2 0.946875 0.55546875 0.10625 0.2328125
3 0.46484375 0.42578125 0.0046875 0.015625
3 0.77890625 0.41640625 0.0046875 0.01640625
3 0.83671875 0.4109375 0.0046875 0.01796875
3 0.89375 0.40625 0.00625 0.01875
3 0.4859375 0.42890625 0.00390625 0.01328125
3 0.509375 0.4328125 0.00390625 0.0125