2 0.69765625 0.515625 0.08515625 0.059375
2 0.77890625 0.50546875 0.034375 0.02578125
2 0.81953125 0.5046875 0.0203125 0.01796875
2 0.84453125 0.50703125 0.0234375 0.0203125
2 0.875 0.503125 0.04140625 0.0328125
2 0.9 0.50390625 0.009375 0.01640625
2 0.909375 0.50234375 0.00625 0.0046875
2 0.93046875 0.503125 0.028125 0.021875
3 0.87578125 0.46640625 0.00234375 0.00625
3 0.959375 0.4859375 0.00234375 0.00703125
3 0.9484375 0.4640625 0.00234375 0.00703125
2 0.803125 0.5046875 0.01015625 0.009375
3 0.89453125 0.465625 0.00234375 0.00703125
3 0.91796875 0.4640625 0.00234375 0.00625