2 0.2890625 0.47265625 0.578125 0.79296875
2 0.9109375 0.5 0.00859375 0.0078125
2 0.9265625 0.50234375 0.0171875 0.01328125
0 0.9359375 0.5015625 0.00390625 0.01484375
0 0.9421875 0.5015625 0.00546875 0.01328125
2 0.89765625 0.49921875 0.00703125 0.0078125
2 0.8703125 0.503125 0.01484375 0.0109375
2 0.87578125 0.5 0.01328125 0.01640625
2 0.83203125 0.5015625 0.0109375 0.01015625
2 0.84375 0.503125 0.01640625 0.0109375
2 0.853125 0.5015625 0.01875 0.0140625
3 0.9 0.47109375 0.0015625 0.00625
3 0.96328125 0.46640625 0.00234375 0.00625
3 0.91796875 0.47109375 0.0015625 0.00546875