0 0.7234375 0.51328125 0.01484375 0.07734375
2 0.34921875 0.58203125 0.6984375 0.8359375
2 0.93359375 0.63359375 0.13203125 0.4984375
2 0.81484375 0.5015625 0.03046875 0.025
2 0.87421875 0.50078125 0.01328125 0.0140625
3 0.79765625 0.403125 0.00546875 0.01875
3 0.84609375 0.39765625 0.00546875 0.01953125
3 0.9140625 0.38828125 0.00703125 0.0203125
3 0.68046875 0.43203125 0.0046875 0.01484375
3 0.69140625 0.43515625 0.0046875 0.015625
3 0.7015625 0.4375 0.00390625 0.01328125
1 0.92578125 0.48125 0.0140625 0.01875