2 0.35 0.58125 0.7 0.828125
3 0.79765625 0.40390625 0.00546875 0.01796875
3 0.84609375 0.396875 0.00625 0.0203125
3 0.91328125 0.38828125 0.00703125 0.021875
3 0.68125 0.43046875 0.0046875 0.01328125
1 0.9265625 0.48203125 0.0140625 0.0203125
2 0.98359375 0.50078125 0.0328125 0.04453125
2 0.92421875 0.5015625 0.0125 0.01171875
2 0.88125 0.5 0.01015625 0.009375
2 0.8953125 0.50078125 0.0078125 0.00625
1 0.7203125 0.490625 0.0078125 0.01171875
3 0.7203125 0.47734375 0.0046875 0.0125
3 0.690625 0.4328125 0.0046875 0.01328125
3 0.70234375 0.43828125 0.00390625 0.0125