2 0.69375 0.52578125 0.253125 0.1875
2 0.2 0.5765625 0.4 0.21171875
2 0.9546875 0.51796875 0.090625 0.09296875
2 0.5296875 0.51875 0.07109375 0.0578125
1 0.54609375 0.478125 0.01640625 0.021875
3 0.82578125 0.425 0.00390625 0.0140625
2 0.82734375 0.49921875 0.02890625 0.0359375
2 0.85234375 0.50234375 0.0125 0.0109375
0 0.41484375 0.49921875 0.00703125 0.02109375
0 0.43828125 0.50078125 0.00703125 0.025
0 0.45703125 0.50234375 0.00390625 0.02734375
0 0.3609375 0.49921875 0.0046875 0.0109375
3 0.3984375 0.46015625 0.00234375 0.00703125
3 0.4140625 0.4609375 0.00234375 0.00703125
3 0.4265625 0.46171875 0.00234375 0.0078125
0 0.4625 0.5015625 0.0046875 0.02578125
0 0.46796875 0.5015625 0.00546875 0.02578125
0 0.4734375 0.5015625 0.00625 0.025
0 0.47890625 0.5015625 0.00390625 0.0265625
0 0.4828125 0.5015625 0.0046875 0.02578125
0 0.4875 0.5015625 0.003125 0.02734375
0 0.4921875 0.50078125 0.0046875 0.0265625
0 0.49609375 0.49609375 0.003125 0.0171875
0 0.5015625 0.49375 0.00625 0.0109375
2 0.3375 0.50078125 0.0171875 0.0078125
3 0.86484375 0.42109375 0.0046875 0.01484375
3 0.915625 0.4171875 0.0046875 0.015625