2 0.31171875 0.55546875 0.334375 0.17109375
2 0.540625 0.5171875 0.08359375 0.06796875
2 0.61640625 0.52421875 0.1234375 0.075
2 0.76796875 0.51328125 0.16015625 0.1234375
1 0.67890625 0.48828125 0.0078125 0.0109375
2 0.86171875 0.50234375 0.01640625 0.0171875
2 0.88359375 0.5046875 0.0296875 0.02421875
2 0.9046875 0.5015625 0.0109375 0.01171875
2 0.93984375 0.50625 0.04765625 0.03828125
1 0.9953125 0.48125 0.009375 0.01328125
3 0.78515625 0.3921875 0.00546875 0.01796875
3 0.83828125 0.384375 0.00546875 0.01953125
3 0.91484375 0.37265625 0.00625 0.0234375