2 0.36796875 0.55078125 0.29140625 0.14609375
2 0.72265625 0.52265625 0.21484375 0.1671875
2 0.946875 0.51171875 0.06796875 0.04609375
2 0.83359375 0.50234375 0.01484375 0.03125
2 0.84765625 0.50234375 0.0140625 0.0125
3 0.846875 0.44296875 0.003125 0.01171875
0 0.54375 0.5015625 0.0046875 0.01796875
0 0.5234375 0.50234375 0.00546875 0.01875
3 0.990625 0.4734375 0.0046875 0.0140625
3 0.87734375 0.440625 0.00390625 0.0125
3 0.91640625 0.43828125 0.00390625 0.0109375
0 0.55390625 0.5015625 0.00390625 0.01875
0 0.55859375 0.49453125 0.003125 0.00703125
0 0.56328125 0.49453125 0.00390625 0.00703125
0 0.56875 0.5015625 0.00390625 0.01796875
0 0.5734375 0.50078125 0.00390625 0.01953125
0 0.57890625 0.50078125 0.00546875 0.01875
0 0.58515625 0.5015625 0.00390625 0.01875