2 0.584375 0.58984375 0.31015625 0.22421875
3 0.8234375 0.42421875 0.0046875 0.01484375
3 0.9828125 0.41953125 0.00546875 0.01328125
2 0.93984375 0.50703125 0.04765625 0.0390625
2 0.70390625 0.5078125 0.05 0.03984375
2 0.75703125 0.51171875 0.05703125 0.0421875
2 0.8453125 0.50546875 0.07265625 0.0625
2 0.88828125 0.5046875 0.021875 0.02421875
2 0.90546875 0.50234375 0.01015625 0.00859375
1 0.72890625 0.4890625 0.0078125 0.00859375
1 0.978125 0.48671875 0.01015625 0.0125
2 0.78125 0.50390625 0.0171875 0.02421875
3 0.86328125 0.42109375 0.0046875 0.015625
3 0.91640625 0.41484375 0.0046875 0.015625