2 0.75625 0.71875 0.48515625 0.55390625
2 0.6 0.5015625 0.015625 0.01484375
2 0.66796875 0.51015625 0.05234375 0.02734375
2 0.75703125 0.51796875 0.103125 0.05859375
2 0.61484375 0.503125 0.0109375 0.01171875
2 0.68515625 0.49375 0.028125 0.0375
2 0.65625 0.49140625 0.01796875 0.01015625
2 0.86640625 0.496875 0.05625 0.02890625
3 0.6265625 0.31328125 0.0078125 0.03671875
3 0.70703125 0.3015625 0.01015625 0.04140625
3 0.540625 0.32578125 0.00859375 0.034375
3 0.490625 0.4265625 0.00390625 0.01328125
3 0.5 0.4328125 0.00390625 0.0125
3 0.5078125 0.4375 0.00390625 0.01171875