2 0.746875 0.71953125 0.50390625 0.5609375
2 0.56796875 0.5046875 0.14296875 0.06640625
2 0.48359375 0.51015625 0.0296875 0.03984375
3 0.6234375 0.22265625 0.0125 0.05625
3 0.753125 0.21796875 0.015625 0.05703125
3 0.77890625 0.375 0.009375 0.02421875
3 0.86796875 0.33125 0.0125 0.0328125
3 0.81328125 0.3578125 0.01015625 0.02890625
3 0.77265625 0.4140625 0.00546875 0.0171875
3 0.8078125 0.4140625 0.00625 0.01640625
3 0.85078125 0.4140625 0.00625 0.01640625
3 0.9234375 0.46640625 0.0078125 0.0171875
1 0.89921875 0.47109375 0.01640625 0.02734375
1 0.871875 0.4703125 0.0171875 0.03046875
0 0.2203125 0.50625 0.0359375 0.103125
0 0.259375 0.5046875 0.025 0.0890625
2 0.09765625 0.5046875 0.07578125 0.05703125
2 0.22734375 0.5046875 0.165625 0.07734375
2 0.33046875 0.51953125 0.0359375 0.03515625
2 0.12109375 0.496875 0.05234375 0.0484375
2 0.3765625 0.509375 0.03359375 0.0296875
2 0.334375 0.509375 0.04765625 0.0328125
0 0.4515625 0.50234375 0.0046875 0.02265625
0 0.4265625 0.5015625 0.00703125 0.03046875
0 0.43359375 0.503125 0.00546875 0.025
0 0.43984375 0.50390625 0.00625 0.0234375
0 0.40546875 0.5078125 0.00546875 0.0359375