2 0.7546875 0.71953125 0.48984375 0.55546875
2 0.5515625 0.50703125 0.06953125 0.05703125
2 0.62109375 0.50625 0.03203125 0.01875
2 0.70234375 0.50390625 0.02578125 0.01484375
2 0.4625 0.5046875 0.0265625 0.01484375
3 0.4734375 0.44921875 0.00234375 0.009375
3 0.49609375 0.44921875 0.003125 0.00859375
3 0.53671875 0.46015625 0.00234375 0.00703125
3 0.56953125 0.465625 0.00234375 0.00703125
3 0.58515625 0.465625 0.00234375 0.0078125
3 0.61015625 0.47265625 0.003125 0.0078125
1 0.42109375 0.48203125 0.01015625 0.01484375
3 0.53984375 0.4578125 0.00234375 0.00625
3 0.54375 0.45546875 0.00234375 0.00859375