2 0.753125 0.7203125 0.49140625 0.553125
0 0.18125 0.50234375 0.02734375 0.084375
2 0.46171875 0.5046875 0.08984375 0.04921875
2 0.5828125 0.50859375 0.0453125 0.02265625
2 0.64296875 0.49765625 0.0921875 0.04609375
2 0.403125 0.5109375 0.0234375 0.02421875
2 0.23203125 0.50859375 0.03984375 0.0328125
2 0.2578125 0.50703125 0.0328125 0.02578125
2 0.27421875 0.50625 0.040625 0.02578125
2 0.32578125 0.509375 0.03203125 0.0234375
2 0.34296875 0.50625 0.0421875 0.0234375
0 0.12734375 0.525 0.0203125 0.05390625
0 0.196875 0.50234375 0.0203125 0.08203125
0 0.3015625 0.50234375 0.0140625 0.0484375
0 0.375 0.5046875 0.009375 0.03046875
0 0.3703125 0.50625 0.00546875 0.02890625
0 0.38125 0.503125 0.00703125 0.028125
3 0.49921875 0.3671875 0.00625 0.02578125
3 0.55859375 0.36796875 0.00703125 0.025
3 0.62109375 0.41953125 0.00390625 0.015625
3 0.6328125 0.4125 0.0046875 0.015625
3 0.65 0.40390625 0.00625 0.0171875
3 0.6359375 0.43828125 0.003125 0.01171875
3 0.659375 0.43828125 0.003125 0.0109375
3 0.6859375 0.45390625 0.00703125 0.021875
3 0.5203125 0.47265625 0.00078125 0.00390625
3 0.52265625 0.471875 0.0015625 0.00546875
3 0.52421875 0.47109375 0.0015625 0.00625
3 0.478125 0.46875 0.0015625 0.00546875
3 0.49296875 0.46796875 0.00234375 0.00625
3 0.5046875 0.46796875 0.0015625 0.00625
1 0.64375 0.484375 0.009375 0.01953125
1 0.6640625 0.4828125 0.0078125 0.015625