2 0.753125 0.71953125 0.49140625 0.553125
2 0.51484375 0.50546875 0.0640625 0.05625
2 0.43984375 0.5046875 0.034375 0.0171875
2 0.6328125 0.5046875 0.03359375 0.01328125
2 0.67734375 0.509375 0.04609375 0.02578125
2 0.76875 0.50546875 0.028125 0.0140625
1 0.7984375 0.48203125 0.01796875 0.01015625
1 0.39921875 0.4703125 0.01171875 0.0171875
0 0.34140625 0.50078125 0.01015625 0.03203125
0 0.3578125 0.50078125 0.0109375 0.0328125
0 0.365625 0.50078125 0.00390625 0.02109375
0 0.371875 0.49921875 0.00859375 0.0265625
0 0.38203125 0.5015625 0.00703125 0.01796875
0 0.403125 0.503125 0.00546875 0.0171875
3 0.571875 0.47578125 0.003125 0.01015625
3 0.47578125 0.43515625 0.003125 0.01171875
3 0.5625 0.44609375 0.003125 0.009375
3 0.5875 0.459375 0.00234375 0.00703125
3 0.6359375 0.484375 0.003125 0.0078125
0 0.38828125 0.503125 0.00546875 0.0171875
0 0.40859375 0.50234375 0.0046875 0.015625
3 0.5046875 0.43515625 0.003125 0.01171875
3 0.55234375 0.4515625 0.003125 0.0078125
3 0.55703125 0.44921875 0.00234375 0.009375
3 0.60625 0.459375 0.00234375 0.00703125