2 0.75390625 0.71953125 0.490625 0.553125
0 0.24375 0.503125 0.02109375 0.05859375
3 0.48046875 0.4140625 0.00390625 0.01640625
2 0.4796875 0.50546875 0.05 0.0546875
2 0.52734375 0.5078125 0.04375 0.01875
2 0.6921875 0.50546875 0.0359375 0.01875
2 0.74140625 0.503125 0.059375 0.0265625
2 0.79140625 0.5125 0.090625 0.03515625
1 0.58359375 0.4875 0.00625 0.01015625
3 0.575 0.43984375 0.003125 0.0109375
3 0.59453125 0.4515625 0.003125 0.00859375
3 0.60703125 0.46875 0.0046875 0.0140625
3 0.63515625 0.4515625 0.00234375 0.009375
3 0.6703125 0.48125 0.003125 0.009375
1 0.3421875 0.446875 0.0203125 0.03515625
0 0.28828125 0.50390625 0.015625 0.05234375
0 0.31328125 0.51015625 0.01015625 0.02265625
0 0.32265625 0.49921875 0.01328125 0.04140625
0 0.33046875 0.50234375 0.0078125 0.0359375
0 0.3515625 0.5078125 0.003125 0.0171875
0 0.3890625 0.503125 0.00703125 0.0203125
0 0.40390625 0.50078125 0.00546875 0.015625
2 0.37734375 0.50546875 0.02578125 0.021875
0 0.4234375 0.50078125 0.00546875 0.0140625
0 0.359375 0.50625 0.0078125 0.02109375
0 0.39609375 0.50546875 0.0046875 0.01796875
3 0.58125 0.43671875 0.003125 0.0109375
3 0.590625 0.43203125 0.00390625 0.01171875
3 0.51953125 0.41484375 0.0046875 0.015625