3 0.2640625 0.39765625 0.0046875 0.00703125
3 0.2921875 0.4109375 0.00546875 0.00703125
3 0.3171875 0.42265625 0.00390625 0.00625
3 0.34765625 0.47890625 0.00390625 0.01171875
3 0.44296875 0.43359375 0.0046875 0.0078125
3 0.6 0.4015625 0.00703125 0.0203125
3 0.6171875 0.38515625 0.00859375 0.02109375
3 0.64921875 0.3578125 0.0109375 0.02890625
3 0.74921875 0.4140625 0.01640625 0.0453125
3 0.5515625 0.478125 0.00390625 0.01328125
3 0.46875 0.434375 0.0046875 0.00703125
3 0.5 0.434375 0.00546875 0.00546875
2 0.47890625 0.50703125 0.0125 0.01328125
2 0.4890625 0.50234375 0.00703125 0.00859375