3 0.20859375 0.30078125 0.01875 0.04453125
3 0.10703125 0.30234375 0.0203125 0.04296875
3 0.29375 0.30234375 0.01171875 0.04375
3 0.4515625 0.45234375 0.0046875 0.00625
3 0.4703125 0.45234375 0.0046875 0.00625
3 0.49296875 0.453125 0.00390625 0.00703125
3 0.5296875 0.48359375 0.00390625 0.0109375
3 0.5765625 0.4140625 0.003125 0.0125
3 0.5890625 0.40078125 0.003125 0.015625
3 0.609375 0.3796875 0.00390625 0.01484375
3 0.671875 0.43046875 0.0125 0.04140625
2 0.43125 0.50625 0.01796875 0.01640625
3 0.02890625 0.44921875 0.0046875 0.0125
3 0.0515625 0.45 0.00546875 0.0109375
3 0.07734375 0.45 0.0046875 0.01015625
3 0.11796875 0.4828125 0.00390625 0.0109375
2 0.1703125 0.5015625 0.0203125 0.0171875