3 0.10703125 0.3046875 0.01796875 0.04453125
3 0.2078125 0.3 0.01640625 0.04296875
3 0.29453125 0.29921875 0.01171875 0.040625
3 0.0296875 0.45078125 0.00546875 0.0125
3 0.0515625 0.45 0.0046875 0.01015625
3 0.07734375 0.45 0.0046875 0.01015625
3 0.11796875 0.48203125 0.0046875 0.01015625
3 0.5765625 0.40546875 0.0046875 0.00703125
3 0.58828125 0.390625 0.0046875 0.00703125
3 0.60859375 0.36640625 0.0046875 0.009375
3 0.671875 0.43125 0.01171875 0.0390625
3 0.5296875 0.48125 0.0046875 0.00546875
3 0.4515625 0.4515625 0.00390625 0.00546875
3 0.4703125 0.45234375 0.00390625 0.00546875
3 0.49296875 0.45234375 0.00390625 0.00546875
2 0.17109375 0.5015625 0.01953125 0.01640625