3 0.140625 0.371875 0.0125 0.02734375
3 0.19609375 0.390625 0.009375 0.01953125
3 0.24296875 0.41015625 0.00859375 0.021875
3 0.296875 0.47421875 0.00625 0.01484375
3 0.45625 0.42890625 0.00546875 0.00703125
3 0.484375 0.42890625 0.00546875 0.00703125
3 0.51796875 0.42890625 0.00546875 0.00703125
3 0.640625 0.36328125 0.01171875 0.0296875
3 0.678125 0.328125 0.01328125 0.0390625
3 0.75234375 0.23984375 0.0109375 0.01640625
3 0.5734375 0.4765625 0.00390625 0.0140625
0 0.409375 0.50390625 0.0046875 0.0140625