3 0.67265625 0.43203125 0.01171875 0.040625
3 0.5765625 0.40625 0.0046875 0.0078125
3 0.4515625 0.45234375 0.00390625 0.00546875
3 0.5296875 0.484375 0.00390625 0.01015625
3 0.10703125 0.3 0.01796875 0.0421875
3 0.209375 0.29765625 0.01953125 0.0359375
3 0.29375 0.29921875 0.01171875 0.04140625
3 0.58828125 0.39140625 0.0046875 0.0078125
3 0.609375 0.36640625 0.00546875 0.009375
2 0.17109375 0.5015625 0.01953125 0.01796875
3 0.11796875 0.4828125 0.0046875 0.0109375
3 0.02890625 0.45 0.0046875 0.0125
3 0.0515625 0.45 0.00546875 0.01015625
3 0.07734375 0.45 0.00546875 0.01015625
3 0.4703125 0.45234375 0.0046875 0.00546875
3 0.49296875 0.45234375 0.00390625 0.00546875