3 0.140625 0.371875 0.0125 0.02734375
3 0.196875 0.3921875 0.00859375 0.02265625
3 0.24296875 0.40859375 0.00859375 0.015625
3 0.296875 0.47421875 0.00625 0.01484375
3 0.45625 0.428125 0.00546875 0.00703125
3 0.64140625 0.3625 0.0109375 0.0296875
3 0.67578125 0.3265625 0.01484375 0.0359375
3 0.75234375 0.23984375 0.01171875 0.0171875
2 0.4359375 0.509375 0.0234375 0.0171875
3 0.57265625 0.4765625 0.0046875 0.0140625
3 0.484375 0.428125 0.0046875 0.00703125
3 0.51796875 0.42890625 0.00546875 0.0078125