3 0.2640625 0.39765625 0.00546875 0.0078125
3 0.2921875 0.4109375 0.00625 0.00703125
3 0.3171875 0.421875 0.00390625 0.0078125
3 0.34765625 0.478125 0.00390625 0.01328125
3 0.4421875 0.43359375 0.0046875 0.00625
3 0.46875 0.43359375 0.0046875 0.00625
3 0.5 0.434375 0.00546875 0.00625
3 0.55078125 0.47734375 0.0046875 0.01328125
3 0.6 0.40234375 0.00625 0.01953125
3 0.61796875 0.3859375 0.0078125 0.0234375
3 0.6484375 0.3609375 0.009375 0.0234375
2 0.48515625 0.503125 0.0140625 0.015625
3 0.74921875 0.41484375 0.01640625 0.0484375