3 0.74921875 0.4171875 0.0171875 0.04921875
3 0.6 0.40234375 0.00625 0.01953125
3 0.5515625 0.47734375 0.00546875 0.0140625
3 0.4421875 0.43359375 0.0046875 0.00703125
3 0.2640625 0.39765625 0.00546875 0.0078125
3 0.34765625 0.478125 0.00546875 0.0125
0 0.37578125 0.50546875 0.009375 0.03046875
2 0.48828125 0.50390625 0.0078125 0.01015625
3 0.46875 0.43359375 0.0046875 0.00625
3 0.5 0.434375 0.00546875 0.00703125
3 0.2921875 0.41015625 0.00546875 0.00625
3 0.3171875 0.42265625 0.00390625 0.00703125
3 0.6171875 0.3859375 0.00703125 0.021875
3 0.64921875 0.359375 0.0109375 0.02890625