3 0.2078125 0.29921875 0.015625 0.03984375
3 0.29375 0.2984375 0.0125 0.03671875
3 0.10703125 0.30546875 0.01875 0.04453125
3 0.4515625 0.45234375 0.0046875 0.00625
3 0.4703125 0.45234375 0.00390625 0.0046875
3 0.49296875 0.453125 0.0046875 0.00625
3 0.5296875 0.484375 0.00390625 0.01015625
3 0.5765625 0.40546875 0.003125 0.00703125
3 0.5890625 0.390625 0.0046875 0.00703125
3 0.609375 0.3671875 0.00546875 0.009375
3 0.671875 0.43203125 0.01171875 0.03984375
3 0.0296875 0.45078125 0.0046875 0.01484375
3 0.0515625 0.45 0.0046875 0.01015625
3 0.07734375 0.45 0.00546875 0.01015625
3 0.11796875 0.48203125 0.00390625 0.01015625
2 0.17109375 0.5015625 0.01953125 0.0171875