3 0.2078125 0.2984375 0.01484375 0.0359375
3 0.10625 0.30546875 0.01796875 0.04453125
3 0.29296875 0.30078125 0.0140625 0.04296875
3 0.02890625 0.4515625 0.0046875 0.01875
3 0.0515625 0.44921875 0.0046875 0.01015625
3 0.07734375 0.45 0.0046875 0.01015625
3 0.11796875 0.4828125 0.00390625 0.0109375
3 0.671875 0.43125 0.01171875 0.040625
3 0.5765625 0.4171875 0.003125 0.00625
3 0.5890625 0.40390625 0.00390625 0.0078125
3 0.60859375 0.3828125 0.0046875 0.009375
3 0.4515625 0.45234375 0.00390625 0.00625
3 0.4703125 0.45234375 0.00390625 0.00546875
3 0.49375 0.45234375 0.0046875 0.00625
3 0.5296875 0.48359375 0.00390625 0.0109375
2 0.17109375 0.5015625 0.01953125 0.01640625