3 0.3484375 0.478125 0.00390625 0.0125
3 0.4421875 0.43359375 0.0046875 0.0078125
3 0.46875 0.43359375 0.00546875 0.00703125
3 0.5 0.434375 0.00625 0.00703125
3 0.55078125 0.47734375 0.00390625 0.01328125
3 0.6 0.40078125 0.00703125 0.01953125
3 0.61796875 0.38515625 0.00859375 0.021875
3 0.2640625 0.39765625 0.00546875 0.00859375
3 0.2921875 0.41015625 0.00546875 0.00703125
3 0.3171875 0.421875 0.0046875 0.00703125
3 0.74921875 0.41015625 0.01640625 0.0359375
3 0.64921875 0.35625 0.01015625 0.02734375