3 0.4421875 0.43359375 0.00390625 0.00546875
3 0.55078125 0.47734375 0.00390625 0.0125
3 0.59921875 0.40234375 0.00546875 0.01875
3 0.74921875 0.4171875 0.01640625 0.046875
3 0.34765625 0.478125 0.0046875 0.01171875
3 0.2640625 0.3984375 0.0046875 0.00703125
3 0.29140625 0.41015625 0.0046875 0.00546875
3 0.3171875 0.42265625 0.00390625 0.00625
3 0.46875 0.43359375 0.00390625 0.00546875
3 0.5 0.434375 0.00390625 0.00546875
3 0.6171875 0.38671875 0.00703125 0.02109375
3 0.64765625 0.3609375 0.00703125 0.02421875
2 0.4875 0.50390625 0.0140625 0.01328125