3 0.640625 0.3625 0.0109375 0.02890625
3 0.678125 0.3296875 0.0125 0.0359375
3 0.7546875 0.2578125 0.0140625 0.04453125
2 0.8453125 0.5125 0.0390625 0.0453125
3 0.29609375 0.47421875 0.00546875 0.01484375
3 0.57265625 0.4765625 0.00390625 0.01328125
2 0.04453125 0.5265625 0.084375 0.0375
3 0.140625 0.37109375 0.01328125 0.028125
3 0.196875 0.390625 0.0109375 0.01953125
3 0.24375 0.409375 0.0078125 0.01953125
3 0.45625 0.42890625 0.00390625 0.00546875
3 0.484375 0.428125 0.00390625 0.0046875
3 0.51796875 0.42890625 0.0046875 0.00546875