3 0.60859375 0.46484375 0.00703125 0.0234375
3 0.58515625 0.41953125 0.00625 0.01640625
3 0.54921875 0.48515625 0.00234375 0.01015625
2 0.459375 0.5078125 0.015625 0.01171875
3 0.37734375 0.48515625 0.003125 0.00390625
3 0.33125 0.43828125 0.00546875 0.0140625
3 0.34453125 0.44453125 0.0046875 0.0125
3 0.35859375 0.45 0.003125 0.01015625
3 0.475 0.45625 0.00234375 0.00625
3 0.4921875 0.45625 0.003125 0.0078125
3 0.5140625 0.45703125 0.00234375 0.00859375
3 0.575 0.4296875 0.0046875 0.0140625
3 0.56796875 0.4359375 0.003125 0.0125