2 0.7578125 0.5109375 0.08203125 0.04921875
3 0.140625 0.37109375 0.0125 0.0265625
3 0.19765625 0.3921875 0.00859375 0.02109375
3 0.24375 0.409375 0.00703125 0.01875
3 0.29609375 0.47421875 0.00546875 0.01640625
3 0.45625 0.42890625 0.0046875 0.00546875
3 0.484375 0.42890625 0.0046875 0.00546875
3 0.51796875 0.42890625 0.00546875 0.00546875
3 0.57265625 0.4765625 0.00390625 0.0140625
3 0.640625 0.3625 0.0125 0.0296875
3 0.678125 0.3296875 0.01328125 0.03515625
3 0.7546875 0.25859375 0.01640625 0.0453125
2 0.475 0.50625 0.01484375 0.01484375