3 0.10859375 0.3015625 0.0234375 0.04375
3 0.5765625 0.41015625 0.00390625 0.0125
3 0.5890625 0.39609375 0.0046875 0.0125
3 0.61015625 0.37578125 0.00546875 0.0171875
3 0.67109375 0.43125 0.015625 0.040625
3 0.4515625 0.4515625 0.00390625 0.0046875
3 0.4703125 0.4515625 0.0046875 0.0046875
3 0.49296875 0.45234375 0.00390625 0.00546875
3 0.5296875 0.484375 0.003125 0.009375
2 0.43125 0.50625 0.01796875 0.01484375
2 0.17109375 0.5015625 0.01953125 0.01796875
3 0.02890625 0.45234375 0.00703125 0.01953125
3 0.0515625 0.45 0.0046875 0.0109375
3 0.07734375 0.45 0.0046875 0.01015625
3 0.11796875 0.48203125 0.0046875 0.009375