3 0.10625 0.29765625 0.0203125 0.04921875
2 0.0703125 0.50859375 0.0671875 0.0203125
3 0.11796875 0.48125 0.0046875 0.01015625
3 0.02890625 0.4484375 0.00625 0.0125
3 0.0515625 0.44921875 0.00390625 0.0109375
3 0.07734375 0.44921875 0.00546875 0.0109375
3 0.4515625 0.45078125 0.00390625 0.00625
3 0.4703125 0.4515625 0.00390625 0.00546875
3 0.49296875 0.4515625 0.00390625 0.0046875
3 0.5296875 0.4828125 0.003125 0.009375
3 0.5765625 0.40390625 0.003125 0.00625
3 0.5890625 0.38984375 0.00390625 0.00703125
3 0.609375 0.36484375 0.0046875 0.0078125
3 0.67265625 0.42890625 0.0125 0.0421875
2 0.17109375 0.50078125 0.01953125 0.01640625