0 0.00859375 0.51875 0.0171875 0.08203125
3 0.109375 0.30078125 0.02265625 0.0484375
3 0.4515625 0.45234375 0.0046875 0.00546875
3 0.4703125 0.45234375 0.00390625 0.0046875
3 0.49375 0.45234375 0.00390625 0.00546875
3 0.5296875 0.484375 0.003125 0.01015625
3 0.57578125 0.41640625 0.00390625 0.00625
3 0.5890625 0.40390625 0.00390625 0.00625
3 0.609375 0.3828125 0.0046875 0.00859375
3 0.67265625 0.43203125 0.0125 0.040625
2 0.43046875 0.50703125 0.01953125 0.0171875
3 0.0296875 0.45234375 0.00625 0.0203125
3 0.0515625 0.44921875 0.0046875 0.01171875
3 0.07734375 0.45 0.00546875 0.0109375
3 0.11796875 0.48125 0.0046875 0.01171875
2 0.171875 0.50234375 0.01875 0.0171875