3 0.671875 0.43203125 0.01328125 0.0421875
3 0.5296875 0.48359375 0.003125 0.00859375
3 0.11796875 0.4828125 0.0046875 0.009375
3 0.1078125 0.2984375 0.02265625 0.04375
3 0.5765625 0.40546875 0.00390625 0.00546875
3 0.58828125 0.39140625 0.00546875 0.0078125
3 0.60859375 0.36640625 0.0046875 0.01015625
3 0.45078125 0.4515625 0.00390625 0.00390625
3 0.4703125 0.45234375 0.003125 0.0046875
3 0.49296875 0.45234375 0.00390625 0.0046875
3 0.02890625 0.45234375 0.00546875 0.01640625
3 0.0515625 0.45 0.0046875 0.01015625
3 0.07734375 0.45078125 0.00546875 0.01015625
2 0.17109375 0.50234375 0.0203125 0.01875