3 0.35859375 0.4421875 0.00390625 0.00546875
3 0.36875 0.446875 0.00390625 0.0046875
3 0.3796875 0.4515625 0.00390625 0.00390625
3 0.4734375 0.45625 0.003125 0.00390625
3 0.490625 0.45703125 0.00390625 0.0046875
3 0.5109375 0.45625 0.003125 0.0046875
3 0.5453125 0.48515625 0.003125 0.01171875
3 0.59453125 0.4640625 0.0046875 0.00703125
3 0.56796875 0.4375 0.0046875 0.01171875
3 0.5765625 0.42890625 0.0046875 0.0140625
2 0.47265625 0.503125 0.009375 0.01015625
2 0.44765625 0.50234375 0.01171875 0.01171875