2 0.7578125 0.5109375 0.08203125 0.04921875
2 0.48046875 0.50390625 0.0109375 0.01171875
3 0.5734375 0.47578125 0.00390625 0.01484375
3 0.51796875 0.42890625 0.0046875 0.00546875
3 0.484375 0.42890625 0.00546875 0.00546875
3 0.45625 0.428125 0.00390625 0.0046875
3 0.140625 0.371875 0.01328125 0.02578125
3 0.19609375 0.39375 0.009375 0.02421875
3 0.24296875 0.4109375 0.009375 0.021875
3 0.29609375 0.47421875 0.00625 0.01484375
3 0.753125 0.25546875 0.0109375 0.01640625
3 0.678125 0.32890625 0.01484375 0.03046875
3 0.6421875 0.36328125 0.01015625 0.025