3 0.2640625 0.39765625 0.00546875 0.00625
3 0.2921875 0.4109375 0.0046875 0.00546875
3 0.3171875 0.421875 0.0046875 0.00625
3 0.34765625 0.478125 0.0046875 0.01328125
3 0.44296875 0.43359375 0.00390625 0.00546875
3 0.46875 0.434375 0.0046875 0.00546875
3 0.5 0.434375 0.0046875 0.00625
3 0.55078125 0.47734375 0.0046875 0.01328125
3 0.6 0.40234375 0.00625 0.02109375
3 0.6484375 0.3609375 0.00859375 0.025
3 0.6171875 0.3859375 0.00625 0.021875
3 0.75 0.41640625 0.0171875 0.04765625
0 0.3953125 0.50703125 0.0125 0.0296875
2 0.48828125 0.503125 0.009375 0.00859375