3 0.02890625 0.45078125 0.00546875 0.01171875
3 0.0515625 0.45 0.0046875 0.0109375
3 0.07734375 0.45 0.0046875 0.01015625
3 0.11796875 0.48203125 0.0046875 0.01015625
3 0.4515625 0.45234375 0.00390625 0.0046875
3 0.4703125 0.45234375 0.00390625 0.0046875
3 0.49296875 0.45234375 0.00390625 0.00546875
3 0.5296875 0.484375 0.003125 0.009375
3 0.5765625 0.41640625 0.003125 0.00625
3 0.671875 0.43203125 0.0125 0.03828125
3 0.5890625 0.40390625 0.00390625 0.00625
3 0.609375 0.38359375 0.0046875 0.00859375
3 0.10859375 0.29921875 0.0234375 0.046875
2 0.43125 0.5078125 0.01875 0.015625
2 0.17109375 0.50234375 0.01953125 0.01640625