3 0.45078125 0.4515625 0.003125 0.00390625
3 0.5296875 0.48359375 0.003125 0.009375
3 0.5765625 0.40546875 0.00390625 0.00625
3 0.67265625 0.4328125 0.0125 0.0359375
3 0.5890625 0.39140625 0.0046875 0.00546875
3 0.60859375 0.36640625 0.00546875 0.00859375
3 0.028125 0.45078125 0.00625 0.01484375
3 0.0515625 0.45 0.0046875 0.01015625
3 0.07734375 0.44921875 0.00625 0.01015625
3 0.11796875 0.48203125 0.0046875 0.009375
2 0.17109375 0.50625 0.01953125 0.0140625
3 0.10859375 0.2984375 0.021875 0.04765625
3 0.4703125 0.45234375 0.003125 0.00390625
3 0.49296875 0.45234375 0.003125 0.00546875