3 0.67265625 0.43046875 0.01328125 0.03984375
3 0.5296875 0.484375 0.003125 0.0109375
3 0.10859375 0.3015625 0.0234375 0.04453125
3 0.0296875 0.45234375 0.00546875 0.0203125
3 0.0515625 0.45 0.0046875 0.0109375
3 0.07734375 0.45 0.0046875 0.01015625
3 0.11796875 0.48203125 0.0046875 0.01015625
3 0.5765625 0.40546875 0.00390625 0.00625
3 0.5890625 0.39140625 0.00390625 0.00625
3 0.609375 0.3671875 0.00625 0.009375
3 0.45078125 0.4515625 0.003125 0.00390625
3 0.4703125 0.45234375 0.00390625 0.0046875
3 0.49296875 0.45234375 0.00390625 0.0046875
2 0.17109375 0.5015625 0.0203125 0.0171875