0 0.01953125 0.53046875 0.0390625 0.09921875
3 0.02890625 0.45 0.00625 0.015625
3 0.0515625 0.45 0.00546875 0.0109375
3 0.07734375 0.45 0.0046875 0.009375
3 0.11796875 0.4828125 0.0046875 0.01015625
3 0.10859375 0.2984375 0.021875 0.04765625
3 0.4515625 0.45234375 0.00390625 0.0046875
3 0.4703125 0.45234375 0.003125 0.00390625
3 0.49296875 0.4515625 0.00390625 0.00390625
3 0.5296875 0.484375 0.00390625 0.01015625
3 0.5765625 0.4109375 0.003125 0.00546875
3 0.5890625 0.3984375 0.00390625 0.0078125
3 0.609375 0.375 0.00390625 0.00703125
3 0.6734375 0.4328125 0.0125 0.03828125
2 0.43046875 0.50703125 0.01953125 0.01640625
2 0.1703125 0.50234375 0.02109375 0.01796875