0 0.7515625 0.50703125 0.01640625 0.046875
2 0.5 0.85546875 1 0.2890625
3 0.8609375 0.45234375 0.0234375 0.02890625
3 0.63125 0.45390625 0.0046875 0.00546875
3 0.65625 0.44296875 0.00546875 0.0140625
3 0.6984375 0.42578125 0.00859375 0.0171875
3 0.50234375 0.33984375 0.00703125 0.03125
3 0.584375 0.33671875 0.00859375 0.03203125
3 0.65 0.334375 0.01328125 0.03515625
3 0.028125 0.4703125 0.00703125 0.00859375
3 0.09609375 0.48984375 0.00390625 0.0078125
3 0.1578125 0.46796875 0.00625 0.0078125
3 0.534375 0.4671875 0.003125 0.00390625
3 0.546875 0.4671875 0.003125 0.00390625
3 0.56328125 0.4671875 0.00234375 0.00390625
3 0.58828125 0.4875 0.003125 0.0078125