3 0.04609375 0.36015625 0.00859375 0.02421875
3 0.17890625 0.4546875 0.0078125 0.02265625
3 0.26171875 0.33671875 0.00859375 0.025
3 0.41640625 0.3859375 0.01328125 0.0515625
3 0.02890625 0.4671875 0.00234375 0.0078125
3 0.10390625 0.48828125 0.003125 0.009375
3 0.28515625 0.31875 0.00859375 0.02890625
3 0.3234375 0.2890625 0.009375 0.03125
2 0.03359375 0.50234375 0.0265625 0.02734375
3 0.7734375 0.46484375 0.00234375 0.00859375
3 0.04765625 0.46640625 0.00234375 0.00703125
3 0.0703125 0.4671875 0.00234375 0.00703125
3 0.790625 0.4640625 0.003125 0.0078125
3 0.81171875 0.46328125 0.00234375 0.0078125