3 0.04609375 0.35859375 0.00859375 0.0234375
3 0.17890625 0.453125 0.0078125 0.0234375
3 0.26015625 0.33671875 0.00859375 0.0296875
3 0.41640625 0.38359375 0.015625 0.0546875
3 0.8109375 0.46015625 0.00390625 0.00546875
3 0.28515625 0.31875 0.0109375 0.034375
3 0.32109375 0.28671875 0.0109375 0.040625
2 0.03359375 0.503125 0.02734375 0.034375
3 0.028125 0.4640625 0.003125 0.0046875
3 0.10390625 0.4875 0.003125 0.0078125
3 0.790625 0.46171875 0.003125 0.0046875
3 0.7734375 0.46171875 0.00234375 0.0046875
3 0.04765625 0.4640625 0.0015625 0.003125
3 0.0703125 0.465625 0.00234375 0.003125