3 0.04609375 0.359375 0.00859375 0.0234375
3 0.17890625 0.453125 0.0078125 0.02265625
3 0.2609375 0.33984375 0.00703125 0.02265625
3 0.2859375 0.31953125 0.00859375 0.02890625
3 0.32265625 0.28984375 0.01015625 0.03203125
3 0.41640625 0.384375 0.01484375 0.0546875
2 0.03359375 0.49921875 0.03125 0.0328125
3 0.02890625 0.46328125 0.003125 0.00390625
3 0.10390625 0.4875 0.003125 0.00859375
3 0.81171875 0.4625 0.003125 0.009375
3 0.790625 0.4640625 0.003125 0.00859375
3 0.7734375 0.4640625 0.003125 0.00859375
3 0.04765625 0.46484375 0.00234375 0.003125
3 0.0703125 0.465625 0.00234375 0.003125