3 0.04609375 0.35234375 0.009375 0.01015625
3 0.17890625 0.453125 0.00703125 0.0234375
3 0.415625 0.3828125 0.015625 0.0578125
2 0.0234375 0.49921875 0.046875 0.059375
3 0.02890625 0.4640625 0.003125 0.0046875
3 0.10390625 0.4859375 0.003125 0.0046875
3 0.26171875 0.3375 0.009375 0.03203125
3 0.28515625 0.31953125 0.00859375 0.0296875
3 0.32265625 0.28828125 0.01015625 0.0359375
3 0.81171875 0.4625 0.003125 0.009375
3 0.790625 0.46328125 0.00234375 0.0078125
3 0.7734375 0.4640625 0.003125 0.009375
3 0.04765625 0.46484375 0.00234375 0.00390625
3 0.0703125 0.465625 0.00234375 0.00390625