3 0.26171875 0.3375 0.009375 0.0296875
3 0.04609375 0.359375 0.01015625 0.02421875
3 0.1796875 0.45234375 0.00703125 0.021875
3 0.415625 0.38515625 0.015625 0.0546875
3 0.7734375 0.4640625 0.00390625 0.009375
3 0.28515625 0.3171875 0.00859375 0.034375
3 0.321875 0.28984375 0.00859375 0.03359375
2 0.0328125 0.50078125 0.0328125 0.03203125
3 0.028125 0.4640625 0.003125 0.00546875
3 0.10390625 0.4859375 0.003125 0.00390625
3 0.04765625 0.4640625 0.00234375 0.003125
3 0.0515625 0.4796875 0.00234375 0.00390625
3 0.0703125 0.46484375 0.003125 0.00390625
3 0.78984375 0.4640625 0.003125 0.00859375
3 0.8109375 0.46328125 0.003125 0.00859375