3 0.26171875 0.3359375 0.009375 0.03046875
3 0.28515625 0.31875 0.009375 0.03046875
3 0.41640625 0.3890625 0.015625 0.0453125
3 0.321875 0.28984375 0.009375 0.03359375
3 0.17890625 0.45390625 0.00859375 0.02421875
3 0.10390625 0.48515625 0.003125 0.0046875
2 0.034375 0.50078125 0.0265625 0.0265625
3 0.028125 0.4640625 0.00234375 0.003125
3 0.04765625 0.46484375 0.003125 0.0046875
3 0.0515625 0.47890625 0.00234375 0.003125
3 0.06484375 0.48046875 0.00234375 0.003125
3 0.04609375 0.353125 0.00859375 0.009375
3 0.7734375 0.46328125 0.003125 0.00859375
3 0.78984375 0.4640625 0.003125 0.01015625
3 0.81171875 0.4625 0.003125 0.01015625
3 0.07421875 0.48046875 0.0015625 0.003125
3 0.0703125 0.465625 0.003125 0.00390625