3 0.7734375 0.465625 0.003125 0.0109375
3 0.78984375 0.46484375 0.00390625 0.009375
3 0.8109375 0.4625 0.003125 0.009375
3 0.415625 0.38515625 0.01640625 0.05390625
3 0.26171875 0.3390625 0.00859375 0.02578125
3 0.32109375 0.28828125 0.00859375 0.0390625
3 0.28515625 0.31796875 0.00859375 0.0328125
3 0.17890625 0.453125 0.0078125 0.02265625
3 0.04609375 0.35234375 0.009375 0.0109375
2 0.028125 0.50234375 0.0375 0.034375
3 0.02890625 0.4640625 0.003125 0.00390625
3 0.04765625 0.46484375 0.003125 0.0046875
3 0.0703125 0.465625 0.00234375 0.00390625
3 0.10390625 0.4859375 0.00390625 0.00546875
3 0.0515625 0.4796875 0.00234375 0.003125