3 0.04609375 0.35234375 0.0109375 0.0125
3 0.17890625 0.453125 0.00859375 0.02421875
3 0.26171875 0.3359375 0.00859375 0.02734375
3 0.2859375 0.3171875 0.01015625 0.03125
3 0.321875 0.28671875 0.00859375 0.03203125
3 0.415625 0.3859375 0.01640625 0.05703125
3 0.7734375 0.46328125 0.003125 0.009375
2 0.03359375 0.503125 0.02734375 0.02734375
3 0.028125 0.4640625 0.003125 0.00390625
3 0.10390625 0.4875 0.003125 0.009375
3 0.790625 0.46171875 0.00234375 0.0078125
3 0.81171875 0.4625 0.00234375 0.00703125
3 0.04765625 0.46484375 0.00234375 0.003125
3 0.0703125 0.465625 0.00234375 0.003125
3 0.0515625 0.4796875 0.00234375 0.003125