3 0.2625 0.3359375 0.01171875 0.03515625
3 0.2859375 0.31484375 0.01328125 0.0359375
3 0.325 0.2859375 0.0125 0.04140625
3 0.421875 0.38359375 0.01875 0.05859375
3 0.0453125 0.3609375 0.009375 0.0265625
3 0.1796875 0.45390625 0.0078125 0.02265625
2 0.0328125 0.50234375 0.0296875 0.03203125
3 0.028125 0.46875 0.00390625 0.00390625
3 0.04765625 0.46953125 0.003125 0.00390625
3 0.10390625 0.48984375 0.003125 0.0046875
3 0.06953125 0.4703125 0.003125 0.00390625
3 0.7921875 0.4609375 0.00390625 0.00390625
3 0.81328125 0.46015625 0.00390625 0.0046875