3 0.04609375 0.353125 0.01015625 0.01015625
3 0.17890625 0.453125 0.00703125 0.02421875
3 0.28671875 0.31796875 0.0125 0.03515625
3 0.41640625 0.38671875 0.0140625 0.0546875
2 0.03125 0.50078125 0.03125 0.03203125
3 0.02890625 0.4640625 0.003125 0.00390625
3 0.10390625 0.48515625 0.00390625 0.0046875
3 0.7734375 0.46328125 0.003125 0.009375
3 0.790625 0.4640625 0.00234375 0.00859375
3 0.81171875 0.4625 0.00234375 0.00859375
3 0.32265625 0.29140625 0.0109375 0.03125
3 0.2609375 0.340625 0.0078125 0.02109375
3 0.04765625 0.46484375 0.003125 0.003125
3 0.0703125 0.465625 0.00234375 0.00390625