0 0.1609375 0.52890625 0.0375 0.103125
2 0.45234375 0.51328125 0.03046875 0.03125
3 0.44375 0.44140625 0.003125 0.00546875
3 0.465625 0.44140625 0.00390625 0.00546875
3 0.49296875 0.44140625 0.00390625 0.00546875
3 0.5375 0.4796875 0.00390625 0.0109375
3 0.27109375 0.25390625 0.01171875 0.01640625
3 0.36875 0.25390625 0.01328125 0.01640625
3 0.48359375 0.25390625 0.01171875 0.01484375
3 0.67265625 0.4171875 0.0125 0.046875
3 0.8484375 0.13515625 0.021875 0.071875
3 0.90703125 0.0828125 0.01875 0.0734375