2 0.27109375 0.5390625 0.1734375 0.121875
3 0.98828125 0.02109375 0.02265625 0.0421875
3 0.31953125 0.246875 0.0125 0.04453125
3 0.42421875 0.24375 0.01328125 0.03671875
3 0.55 0.24921875 0.0125 0.0453125
3 0.753125 0.41171875 0.0140625 0.0484375
0 0.49921875 0.5046875 0.01328125 0.0453125
3 0.4328125 0.43203125 0.0046875 0.00546875
3 0.45859375 0.4328125 0.00546875 0.00625
3 0.490625 0.4328125 0.0046875 0.0078125
3 0.54140625 0.47734375 0.0046875 0.01328125
2 0.34296875 0.50234375 0.01015625 0.02421875