3 0.27109375 0.253125 0.0109375 0.01640625
3 0.44375 0.44140625 0.00390625 0.0046875
3 0.671875 0.41796875 0.01171875 0.04609375
2 0.41171875 0.52421875 0.05 0.053125
2 0.45390625 0.51328125 0.0265625 0.02578125
3 0.5375 0.47734375 0.00390625 0.00546875
3 0.8453125 0.13671875 0.01796875 0.06875
3 0.90546875 0.078125 0.01796875 0.075
3 0.36796875 0.25390625 0.0125 0.01640625
3 0.484375 0.25546875 0.0125 0.0171875
2 0.48046875 0.5046875 0.0109375 0.01015625
3 0.465625 0.4421875 0.00390625 0.0046875
3 0.49375 0.44140625 0.003125 0.0046875