2 0.31953125 0.51484375 0.03828125 0.04140625
0 0.24765625 0.50859375 0.01484375 0.046875
0 0.26953125 0.50859375 0.0171875 0.04765625
3 0.33125 0.43671875 0.0078125 0.01484375
3 0.17421875 0.209375 0.01875 0.0578125
3 0.6765625 0.40234375 0.0171875 0.05546875
3 0.4453125 0.4828125 0.00625 0.00859375
3 0.3 0.2109375 0.01875 0.0609375
3 0.44609375 0.2140625 0.01796875 0.05703125
3 0.35859375 0.43671875 0.0078125 0.015625
3 0.39140625 0.4375 0.00859375 0.0140625
3 0.17578125 0.4296875 0.00859375 0.01953125
3 0.1984375 0.47734375 0.00625 0.01328125
2 0.2375 0.50390625 0.01171875 0.02578125
3 0.18203125 0.43203125 0.00546875 0.01640625
3 0.18671875 0.43203125 0.003125 0.0140625