3 0.43984375 0.415625 0.00546875 0.01796875
3 0.23984375 0.39609375 0.0046875 0.00859375
3 0.5890625 0.471875 0.00625 0.01796875
3 0.6109375 0.38984375 0.00703125 0.021875
2 0.49765625 0.50703125 0.03203125 0.015625
3 0.47578125 0.41640625 0.00703125 0.01796875
3 0.51796875 0.415625 0.00546875 0.0171875
3 0.2765625 0.47109375 0.00546875 0.01640625
2 0.46484375 0.50625 0.0171875 0.0109375
3 0.24921875 0.40078125 0.00390625 0.00703125
3 0.259375 0.409375 0.00546875 0.0171875
3 0.60625 0.3953125 0.00625 0.01953125
3 0.60078125 0.39453125 0.00390625 0.0078125