0 0.1703125 0.51328125 0.015625 0.05078125
2 0.34296875 0.503125 0.01171875 0.02578125
3 0.4328125 0.4328125 0.0046875 0.00703125
3 0.45859375 0.4328125 0.00390625 0.00703125
3 0.490625 0.43359375 0.0046875 0.00625
3 0.54140625 0.47734375 0.00390625 0.0125
3 0.75390625 0.4125 0.0140625 0.0484375
3 0.55 0.25234375 0.01328125 0.0515625
3 0.31953125 0.24609375 0.01328125 0.04375
3 0.425 0.246875 0.0140625 0.04296875
3 0.2875 0.4296875 0.003125 0.0125
3 0.296875 0.43515625 0.0046875 0.01328125
3 0.290625 0.43203125 0.00390625 0.0125
3 0.3078125 0.47734375 0.00390625 0.0125
3 0.25703125 0.47109375 0.003125 0.0171875