2 0.425 0.5140625 0.0359375 0.0390625
0 0.35703125 0.5078125 0.01171875 0.04140625
0 0.37578125 0.50859375 0.01171875 0.0390625
2 0.34296875 0.503125 0.01015625 0.02578125
3 0.4328125 0.4328125 0.0046875 0.00546875
3 0.45859375 0.4328125 0.0046875 0.00625
3 0.490625 0.4328125 0.00546875 0.00625
3 0.5421875 0.4765625 0.0046875 0.0140625
3 0.31953125 0.24609375 0.0125 0.0421875
3 0.42421875 0.246875 0.01328125 0.04140625
3 0.55 0.24609375 0.01328125 0.0390625
3 0.75390625 0.4125 0.01328125 0.0484375
3 0.3078125 0.478125 0.003125 0.0125
3 0.2875 0.43046875 0.003125 0.01171875
3 0.29140625 0.43203125 0.0046875 0.01328125
3 0.29765625 0.434375 0.00546875 0.01328125