2 0.43125 0.51796875 0.0375 0.03671875
2 0.45703125 0.5125 0.01875 0.02578125
2 0.465625 0.50078125 0.0109375 0.01484375
2 0.4796875 0.50390625 0.0109375 0.0125
3 0.44375 0.44140625 0.0046875 0.00625
3 0.46640625 0.44140625 0.0046875 0.00625
3 0.49296875 0.4421875 0.0046875 0.00546875
3 0.5375 0.4765625 0.003125 0.00625
3 0.27109375 0.25390625 0.0125 0.0171875
3 0.36796875 0.25390625 0.0125 0.0171875
3 0.48359375 0.25546875 0.01328125 0.01875
3 0.67265625 0.41796875 0.01171875 0.04453125
3 0.84609375 0.13515625 0.0171875 0.07421875
3 0.90625 0.0796875 0.01875 0.078125