2 0.396875 0.51640625 0.03203125 0.025
3 0.465625 0.4515625 0.003125 0.00390625
3 0.484375 0.45234375 0.00390625 0.00546875
3 0.50703125 0.45234375 0.0046875 0.0046875
3 0.60859375 0.465625 0.00546875 0.01953125
3 0.52890625 0.39609375 0.00546875 0.00859375
3 0.4796875 0.3953125 0.00546875 0.0078125
3 0.4390625 0.3953125 0.00625 0.0078125
3 0.65234375 0.44609375 0.00859375 0.03125
3 0.6390625 0.36328125 0.009375 0.02578125
3 0.165625 0.38125 0.00546875 0.02421875
3 0.17890625 0.38515625 0.00625 0.021875
3 0.1953125 0.3921875 0.00625 0.02109375
3 0.2203125 0.46484375 0.00625 0.01953125
2 0.39453125 0.50078125 0.00703125 0.0171875
3 0.63125 0.3703125 0.009375 0.0265625
3 0.625 0.37734375 0.00859375 0.02578125