3 0.07421875 0.33046875 0.00859375 0.01171875
3 0.409375 0.365625 0.00703125 0.0109375
3 0.69765625 0.30390625 0.0125 0.0390625
3 0.6328125 0.45703125 0.00859375 0.02578125
2 0.415625 0.5109375 0.0265625 0.02734375
3 0.4625 0.365625 0.00703125 0.01015625
3 0.52734375 0.365625 0.0078125 0.01015625
3 0.1640625 0.45546875 0.01015625 0.02578125
3 0.1 0.34140625 0.00625 0.0125
3 0.1265625 0.35234375 0.00625 0.009375
3 0.68125 0.3203125 0.01015625 0.03515625
3 0.66953125 0.3328125 0.00859375 0.03046875