0 0.18125 0.50625 0.01796875 0.0546875
2 0.34296875 0.50234375 0.01015625 0.02421875
3 0.4328125 0.43203125 0.0046875 0.00625
3 0.45859375 0.4328125 0.0046875 0.00703125
3 0.490625 0.4328125 0.00390625 0.00703125
3 0.54140625 0.4765625 0.0046875 0.01328125
3 0.3203125 0.25 0.01328125 0.04921875
3 0.42421875 0.246875 0.01328125 0.0421875
3 0.54921875 0.25078125 0.0125 0.04921875
3 0.753125 0.4125 0.01328125 0.0484375
3 0.30859375 0.47734375 0.00390625 0.01171875
3 0.296875 0.43515625 0.00390625 0.01328125
3 0.2875 0.42890625 0.0046875 0.0125
3 0.29296875 0.43203125 0.0046875 0.0125