3 0.27109375 0.253125 0.0125 0.0171875
3 0.36875 0.25390625 0.01171875 0.015625
3 0.484375 0.2546875 0.0125 0.0171875
3 0.67265625 0.41875 0.0125 0.04609375
2 0.453125 0.5125 0.02890625 0.0265625
3 0.846875 0.13671875 0.01796875 0.07109375
3 0.9078125 0.084375 0.01796875 0.0703125
3 0.44375 0.44140625 0.003125 0.00546875
3 0.5375 0.47734375 0.00390625 0.00546875
2 0.46640625 0.50078125 0.009375 0.01328125
2 0.4796875 0.50390625 0.00859375 0.009375
3 0.46640625 0.44140625 0.003125 0.00546875
3 0.49375 0.44140625 0.00390625 0.0046875