2 0.41953125 0.51484375 0.028125 0.02578125
2 0.40078125 0.50703125 0.02734375 0.015625
3 0.4578125 0.4078125 0.00625 0.00859375
3 0.49375 0.4078125 0.00625 0.00703125
3 0.5375 0.40859375 0.0046875 0.0078125
3 0.60859375 0.46953125 0.00390625 0.0171875
3 0.6390625 0.4546875 0.00703125 0.025
3 0.47890625 0.4546875 0.003125 0.0046875
3 0.553125 0.48125 0.003125 0.00546875
3 0.22265625 0.39765625 0.00546875 0.0203125
3 0.265625 0.47109375 0.0046875 0.01640625
3 0.63046875 0.38359375 0.00703125 0.0234375
3 0.23359375 0.40234375 0.00546875 0.01796875
3 0.246875 0.40703125 0.00390625 0.01484375
3 0.62421875 0.3890625 0.00703125 0.021875
3 0.61953125 0.39453125 0.00625 0.02109375
3 0.496875 0.4546875 0.003125 0.0046875
3 0.51796875 0.4546875 0.003125 0.00390625
3 0.32421875 0.375 0.00625 0.02578125
3 0.26015625 0.375 0.00703125 0.025