3 0.1484375 0.3609375 0.00625 0.00859375
3 0.2125 0.4640625 0.009375 0.0234375
3 0.42265625 0.39140625 0.00703125 0.0203125
3 0.6578125 0.34453125 0.009375 0.0296875
3 0.6140625 0.46328125 0.00703125 0.02109375
2 0.43125 0.5078125 0.0234375 0.02578125
0 0.29609375 0.5078125 0.0109375 0.03515625
3 0.46875 0.3921875 0.00625 0.0203125
3 0.52421875 0.390625 0.00625 0.01796875
3 0.64765625 0.35546875 0.0078125 0.02890625
3 0.6390625 0.36171875 0.00859375 0.02421875
3 0.16640625 0.36875 0.0046875 0.00859375
3 0.18515625 0.375 0.0046875 0.0078125