3 0.27109375 0.2640625 0.01171875 0.03515625
3 0.36875 0.26484375 0.01171875 0.03828125
3 0.484375 0.26640625 0.0109375 0.0390625
3 0.671875 0.41875 0.0140625 0.04609375
3 0.84921875 0.13359375 0.025 0.0734375
3 0.5375 0.47734375 0.00390625 0.00625
3 0.9078125 0.07890625 0.0203125 0.0796875
3 0.44375 0.44140625 0.00390625 0.00546875
3 0.46640625 0.44140625 0.00390625 0.00546875
3 0.49375 0.4421875 0.00390625 0.0046875
2 0.44765625 0.515625 0.040625 0.03828125
2 0.48046875 0.503125 0.009375 0.01015625
2 0.46484375 0.50078125 0.0125 0.01640625