2 0.4453125 0.50625 0.02265625 0.02109375
3 0.59921875 0.4671875 0.00625 0.01875
3 0.43125 0.4046875 0.00625 0.01796875
3 0.47265625 0.4046875 0.00625 0.01796875
3 0.52109375 0.4046875 0.00546875 0.01796875
3 0.63125 0.3703125 0.00859375 0.0265625
3 0.2484375 0.46796875 0.00703125 0.01953125
3 0.2015625 0.38125 0.00390625 0.00703125
3 0.2140625 0.3859375 0.0046875 0.00703125
3 0.2265625 0.3984375 0.00859375 0.0203125
0 0.31796875 0.5046875 0.01015625 0.034375
3 0.6234375 0.378125 0.00703125 0.02421875
3 0.6171875 0.3828125 0.00703125 0.01875