2 0.3390625 0.52734375 0.0546875 0.04140625
3 0.0328125 0.44140625 0.0109375 0.02890625
3 0.39609375 0.33203125 0.01015625 0.01328125
3 0.4625 0.33125 0.009375 0.015625
3 0.5421875 0.33046875 0.00859375 0.0140625
3 0.4546875 0.4421875 0.00390625 0.00625
3 0.73671875 0.26328125 0.0171875 0.05
3 0.7609375 0.23984375 0.01953125 0.05234375
3 0.79765625 0.20546875 0.021875 0.0609375
3 0.878125 0.3671875 0.02578125 0.08125
3 0.67265625 0.44453125 0.00859375 0.0296875
3 0.47734375 0.4421875 0.00390625 0.0078125
3 0.5046875 0.44140625 0.00390625 0.0078125
2 0.5296875 0.50546875 0.025 0.0203125