3 0.36953125 0.2875 0.01171875 0.015625
3 0.453125 0.2875 0.01171875 0.01484375
3 0.55390625 0.2875 0.01171875 0.01328125
3 0.45078125 0.4375 0.0046875 0.00703125
3 0.55390625 0.475 0.00390625 0.00703125
3 0.71796875 0.4296875 0.01015625 0.0390625
3 0.8421875 0.16015625 0.025 0.075
3 0.8953125 0.103125 0.03125 0.0828125
2 0.30703125 0.53203125 0.07109375 0.053125
2 0.36484375 0.503125 0.009375 0.0234375
3 0.47578125 0.4375 0.00390625 0.00546875
3 0.5046875 0.43828125 0.00390625 0.00625
0 0.27265625 0.5078125 0.01171875 0.03515625
3 0.33359375 0.47890625 0.00390625 0.0125
3 0.325 0.43984375 0.00390625 0.0125
3 0.315625 0.43359375 0.0046875 0.0125
3 0.31953125 0.43671875 0.00546875 0.0125
3 0.98359375 0.034375 0.0328125 0.06875