2 0.3984375 0.5171875 0.0515625 0.059375
0 0.4515625 0.5109375 0.01328125 0.03359375
2 0.34296875 0.503125 0.01015625 0.025
3 0.4328125 0.43203125 0.0046875 0.00625
3 0.45859375 0.4328125 0.00390625 0.00703125
3 0.490625 0.4328125 0.0046875 0.00625
3 0.5421875 0.47734375 0.0046875 0.01328125
0 0.26484375 0.50859375 0.009375 0.0359375
3 0.3203125 0.25078125 0.0140625 0.05
3 0.42421875 0.2453125 0.0125 0.0390625
3 0.54921875 0.25 0.0125 0.046875
3 0.75390625 0.4125 0.0125 0.0484375
3 0.98671875 0.021875 0.0265625 0.04375
3 0.30859375 0.478125 0.00390625 0.0125
3 0.2875 0.428125 0.0046875 0.0109375
3 0.2921875 0.43203125 0.00390625 0.01171875
3 0.296875 0.43515625 0.00546875 0.01328125