2 0.04609375 0.57578125 0.0921875 0.11015625
0 0.19453125 0.5109375 0.0171875 0.05
2 0.34296875 0.503125 0.0109375 0.025
3 0.4328125 0.4328125 0.0046875 0.00625
3 0.45859375 0.4328125 0.0046875 0.0078125
3 0.48984375 0.43359375 0.00390625 0.00625
3 0.5421875 0.47734375 0.0046875 0.0140625
3 0.31953125 0.2453125 0.0125 0.03828125
3 0.42421875 0.24609375 0.0125 0.03984375
3 0.54921875 0.24921875 0.0125 0.0453125
3 0.75390625 0.4125 0.01328125 0.0484375
3 0.30859375 0.478125 0.00390625 0.0125
3 0.296875 0.43515625 0.0046875 0.0125
3 0.2921875 0.4328125 0.00390625 0.0140625
3 0.2875 0.43046875 0.0046875 0.0140625