0 0.3671875 0.53515625 0.03828125 0.09140625
2 0.45234375 0.5140625 0.02890625 0.03203125
3 0.45546875 0.47109375 0.00234375 0.00703125
3 0.46796875 0.47109375 0.00234375 0.0078125
3 0.48359375 0.4703125 0.00234375 0.0078125
3 0.44296875 0.45078125 0.00390625 0.00546875
3 0.465625 0.45 0.00390625 0.00546875
3 0.49296875 0.45 0.00390625 0.00546875
3 0.5375 0.4859375 0.00390625 0.00703125
3 0.26875 0.2671875 0.01328125 0.04765625
3 0.3671875 0.26875 0.0125 0.0453125
3 0.48359375 0.26875 0.01328125 0.04609375
3 0.67265625 0.41953125 0.01328125 0.04609375
3 0.853125 0.13359375 0.02109375 0.0734375
3 0.9171875 0.0734375 0.02578125 0.07890625