3 0.0421875 0.31875 0.0078125 0.01171875
3 0.09609375 0.44609375 0.009375 0.028125
3 0.39140625 0.3375 0.00859375 0.01328125
3 0.7671875 0.23515625 0.015625 0.05234375
3 0.66015625 0.44765625 0.00859375 0.03046875
3 0.828125 0.38203125 0.01875 0.053125
2 0.390625 0.51328125 0.0359375 0.03359375
3 0.73828125 0.2640625 0.01328125 0.04609375
3 0.71796875 0.28515625 0.01171875 0.03984375
3 0.45546875 0.33828125 0.009375 0.0125
3 0.5328125 0.3375 0.01015625 0.0125
3 0.00234375 0.30234375 0.0046875 0.0109375