2 0.45 0.5125 0.03359375 0.0296875
2 0.48046875 0.503125 0.00859375 0.0109375
2 0.465625 0.5015625 0.0109375 0.01484375
3 0.44375 0.44140625 0.0046875 0.00625
3 0.4546875 0.465625 0.003125 0.003125
3 0.46796875 0.46640625 0.003125 0.00390625
3 0.465625 0.44140625 0.00390625 0.00625
3 0.48359375 0.46640625 0.003125 0.00390625
3 0.49296875 0.44140625 0.00390625 0.00546875
3 0.5375 0.47734375 0.00390625 0.00625
3 0.67265625 0.4171875 0.0125 0.04609375
3 0.27109375 0.25390625 0.0109375 0.01640625
3 0.36875 0.2546875 0.0125 0.0171875
3 0.484375 0.2546875 0.0109375 0.015625
3 0.8484375 0.13515625 0.021875 0.0703125
3 0.91015625 0.07734375 0.0265625 0.078125