3 0.3203125 0.24609375 0.0125 0.0421875
3 0.42421875 0.2453125 0.01171875 0.03984375
3 0.55 0.2484375 0.0125 0.04453125
3 0.753125 0.4125 0.0140625 0.046875
0 0.31953125 0.51015625 0.0125 0.03515625
2 0.42421875 0.51171875 0.03828125 0.04375
3 0.4328125 0.4328125 0.0046875 0.00703125
3 0.5421875 0.4765625 0.0046875 0.0125
2 0.34296875 0.50234375 0.0109375 0.0234375
3 0.45859375 0.4328125 0.00390625 0.00703125
3 0.490625 0.4328125 0.0046875 0.00625
3 0.30859375 0.478125 0.0046875 0.0125
3 0.29765625 0.43515625 0.00546875 0.01328125
3 0.2921875 0.43203125 0.0046875 0.01328125
3 0.2875 0.43046875 0.0046875 0.01328125