3 0.27109375 0.25390625 0.01328125 0.01796875
0 0.09375 0.52890625 0.0390625 0.0984375
2 0.45234375 0.51171875 0.0296875 0.03046875
3 0.44375 0.44140625 0.00390625 0.00546875
3 0.67265625 0.41796875 0.0125 0.04609375
3 0.8484375 0.134375 0.02109375 0.07578125
3 0.9078125 0.07890625 0.01953125 0.0765625
3 0.53671875 0.47734375 0.0046875 0.00625
3 0.46640625 0.4421875 0.003125 0.0046875
3 0.49375 0.44140625 0.00390625 0.00546875
0 0.33203125 0.5015625 0.01171875 0.0359375
3 0.36875 0.2546875 0.0125 0.0171875
3 0.484375 0.25546875 0.0125 0.015625
3 0.4546875 0.465625 0.00234375 0.00390625
3 0.46796875 0.46640625 0.00234375 0.00390625
3 0.48359375 0.46640625 0.00234375 0.00390625