3 0.00546875 0.325 0.0109375 0.0375
3 0.11484375 0.453125 0.009375 0.0265625
3 0.715625 0.28515625 0.01640625 0.04296875
3 0.75234375 0.409375 0.0171875 0.0515625
3 0.64375 0.453125 0.0078125 0.02734375
3 0.4140625 0.359375 0.009375 0.01171875
3 0.4578125 0.4453125 0.00546875 0.00625
2 0.4546875 0.50390625 0.0296875 0.01796875
2 0.36328125 0.52265625 0.0453125 0.03671875
2 0.3796875 0.50078125 0.0078125 0.01953125
3 0.46953125 0.359375 0.0078125 0.0125
3 0.53515625 0.359375 0.00859375 0.01171875
3 0.47890625 0.4453125 0.00390625 0.00546875
3 0.5046875 0.4453125 0.00390625 0.00546875
3 0.2265625 0.24921875 0.01640625 0.0546875
3 0.0375 0.33671875 0.009375 0.034375
3 0.06875 0.346875 0.01015625 0.03203125
0 0.3265625 0.50703125 0.009375 0.03046875
3 0.6953125 0.3046875 0.0140625 0.03984375
3 0.68046875 0.31875 0.0125 0.0390625