0 0.09140625 0.51328125 0.021875 0.0625
2 0.34296875 0.50234375 0.009375 0.025
3 0.4328125 0.4328125 0.0046875 0.00703125
3 0.45859375 0.4328125 0.0046875 0.00703125
3 0.48984375 0.4328125 0.0046875 0.00625
3 0.5421875 0.478125 0.0046875 0.01484375
3 0.31953125 0.25 0.01328125 0.04921875
3 0.42421875 0.23515625 0.01328125 0.01796875
3 0.55 0.2515625 0.0140625 0.0515625
3 0.753125 0.4125 0.0140625 0.04921875
3 0.30859375 0.47734375 0.0046875 0.01328125
3 0.2875 0.43046875 0.0046875 0.0140625
3 0.2921875 0.4328125 0.0046875 0.01328125
3 0.296875 0.4359375 0.0046875 0.0140625