0 0.2796875 0.54453125 0.05078125 0.12421875
2 0.33125 0.5171875 0.03671875 0.034375
3 0.340625 0.4703125 0.00546875 0.0046875
3 0.3546875 0.4703125 0.0046875 0.0046875
3 0.37109375 0.4703125 0.0046875 0.00390625
3 0.39765625 0.49140625 0.00546875 0.00625
3 0.4265625 0.484375 0.0078125 0.00703125
3 0.325 0.4453125 0.00703125 0.00625
3 0.34921875 0.44609375 0.00625 0.00703125
3 0.37890625 0.44609375 0.00625 0.00546875
3 0.5984375 0.39375 0.0171875 0.06171875
3 0.040625 0.1734375 0.01953125 0.06640625
3 0.18125 0.1796875 0.02109375 0.0625
3 0.34453125 0.18515625 0.01953125 0.06171875