2 0.38125 0.51953125 0.0390625 0.03046875
2 0.3859375 0.49921875 0.0078125 0.01640625
2 0.40546875 0.50234375 0.02578125 0.01484375
0 0.34609375 0.50625 0.0078125 0.02734375
3 0.46015625 0.44765625 0.0046875 0.0046875
3 0.48046875 0.4484375 0.00546875 0.0046875
3 0.5046875 0.44765625 0.00390625 0.00546875
3 0.42734375 0.3796875 0.00703125 0.009375
3 0.47421875 0.3796875 0.0078125 0.0109375
3 0.53046875 0.3796875 0.00703125 0.009375
3 0.62265625 0.46015625 0.00625 0.021875
3 0.68828125 0.43203125 0.0125 0.03828125
3 0.6671875 0.33125 0.01171875 0.034375
3 0.09765625 0.35703125 0.009375 0.02890625
3 0.11796875 0.36484375 0.009375 0.02890625
3 0.140625 0.3734375 0.01015625 0.02578125
3 0.17421875 0.459375 0.009375 0.025
3 0.65546875 0.34375 0.01171875 0.0328125
3 0.64609375 0.3515625 0.01015625 0.0296875