0 0.015625 0.54296875 0.03046875 0.134375
0 0.2609375 0.5078125 0.0109375 0.0328125
3 0.253125 0.40703125 0.00546875 0.00703125
3 0.26953125 0.47109375 0.00625 0.0140625
3 0.4359375 0.45078125 0.00390625 0.00546875
3 0.4546875 0.4515625 0.003125 0.0046875
3 0.47734375 0.4515625 0.00390625 0.00390625
3 0.51484375 0.4828125 0.00234375 0.01015625
3 0.41953125 0.4140625 0.00546875 0.00703125
3 0.453125 0.41328125 0.0046875 0.00703125
3 0.49296875 0.4140625 0.0046875 0.00703125
3 0.55859375 0.46640625 0.0046875 0.0078125
2 0.4328125 0.51875 0.0421875 0.040625
3 0.76484375 0.3796875 0.01953125 0.065625
3 0.1734375 0.13671875 0.01796875 0.02421875
3 0.3171875 0.13671875 0.0171875 0.025
3 0.4890625 0.13671875 0.0171875 0.025
3 0.26171875 0.41015625 0.003125 0.00625