2 0.1765625 0.56015625 0.25390625 0.17421875
0 0.50390625 0.51796875 0.01328125 0.04140625
2 0.26953125 0.5015625 0.015625 0.0296875
3 0.40390625 0.4015625 0.00546875 0.00859375
3 0.4421875 0.4015625 0.0046875 0.0078125
3 0.4890625 0.40234375 0.00390625 0.0078125
3 0.565625 0.4671875 0.0046875 0.01796875
3 0.18984375 0.40234375 0.00703125 0.0265625
3 0.24453125 0.128125 0.02109375 0.06953125
3 0.4 0.13125 0.01953125 0.071875
3 0.5859375 0.13359375 0.01796875 0.075
3 0.8875 0.3703125 0.01875 0.07109375
3 0.196875 0.40390625 0.00546875 0.0234375
3 0.20390625 0.4046875 0.00546875 0.0171875