2 0.3765625 0.53515625 0.0734375 0.071875
2 0.4359375 0.51875 0.03828125 0.0359375
2 0.4484375 0.5015625 0.0171875 0.02421875
2 0.47421875 0.50625 0.01484375 0.015625
3 0.51484375 0.48046875 0.003125 0.00625
3 0.48984375 0.465625 0.0046875 0.00390625
3 0.47265625 0.46484375 0.00390625 0.00390625
3 0.4609375 0.46484375 0.003125 0.003125
3 0.43515625 0.45078125 0.0046875 0.00625
3 0.45546875 0.45078125 0.0046875 0.00546875
3 0.47734375 0.45078125 0.00390625 0.00546875
3 0.55859375 0.46640625 0.00625 0.01015625
3 0.41875 0.4140625 0.00625 0.00703125
3 0.45234375 0.4140625 0.0046875 0.00859375
3 0.49296875 0.41328125 0.0046875 0.0078125
3 0.17265625 0.13671875 0.01796875 0.02578125
3 0.3171875 0.13828125 0.01796875 0.0265625
3 0.48828125 0.1375 0.0171875 0.0234375
3 0.76640625 0.37890625 0.01640625 0.06875