2 0.2375 0.5203125 0.05390625 0.059375
0 0.1296875 0.51796875 0.0140625 0.05
0 0.16328125 0.51796875 0.0171875 0.04609375
3 0.0234375 0.396875 0.00859375 0.02734375
3 0.0578125 0.4671875 0.00859375 0.01875
3 0.253125 0.40546875 0.009375 0.02109375
3 0.29453125 0.40546875 0.009375 0.021875
3 0.34296875 0.40625 0.009375 0.021875
3 0.421875 0.4703125 0.0078125 0.02265625
3 0.03046875 0.06796875 0.02734375 0.09140625
3 0.21796875 0.07578125 0.03046875 0.0921875
3 0.4328125 0.08046875 0.025 0.08984375
3 0.77421875 0.35625 0.02265625 0.08125
3 0.03203125 0.3984375 0.00625 0.025
3 0.0390625 0.40078125 0.00546875 0.0203125