3 0.41484375 0.37578125 0.0078125 0.02578125
3 0.67109375 0.3359375 0.009375 0.03203125
3 0.1203125 0.35234375 0.00546875 0.021875
3 0.634375 0.45703125 0.0078125 0.02578125
2 0.49921875 0.5078125 0.04453125 0.02265625
2 0.44921875 0.50859375 0.02265625 0.01484375
0 0.3171875 0.50546875 0.0078125 0.028125
0 0.26171875 0.509375 0.009375 0.03671875
3 0.4671875 0.375 0.00703125 0.025
3 0.53125 0.375 0.0078125 0.025
3 0.17421875 0.45625 0.00859375 0.0265625
3 0.6625 0.34453125 0.0078125 0.0296875
3 0.6546875 0.35 0.00625 0.02265625
3 0.13515625 0.35859375 0.00546875 0.02109375
3 0.1484375 0.36640625 0.0078125 0.025