2 0.4328125 0.51953125 0.04453125 0.0375
3 0.1734375 0.134375 0.0171875 0.02265625
3 0.3171875 0.1359375 0.01640625 0.02265625
3 0.48828125 0.1375 0.01796875 0.02265625
3 0.7640625 0.37890625 0.0203125 0.06640625
3 0.41953125 0.4140625 0.00546875 0.00703125
3 0.43515625 0.4515625 0.0046875 0.00703125
3 0.51484375 0.48203125 0.00234375 0.009375
3 0.5578125 0.46796875 0.00625 0.01796875
2 0.45 0.50078125 0.015625 0.02109375
2 0.47109375 0.50390625 0.01328125 0.0140625
3 0.4609375 0.46953125 0.003125 0.00546875
3 0.4734375 0.46953125 0.003125 0.00546875
3 0.48984375 0.46953125 0.003125 0.0046875
3 0.45390625 0.4515625 0.00546875 0.00625
3 0.47734375 0.4515625 0.0046875 0.00625
3 0.453125 0.4140625 0.00625 0.00859375
3 0.49296875 0.4140625 0.00546875 0.00703125
3 0.25078125 0.40703125 0.00234375 0.0078125
3 0.25390625 0.40859375 0.00234375 0.00625
3 0.2609375 0.41015625 0.00234375 0.00390625