2 0.1390625 0.55546875 0.12890625 0.08515625
0 0.08359375 0.5140625 0.0203125 0.05625
2 0.26953125 0.5046875 0.015625 0.03359375
3 0.403125 0.40546875 0.00625 0.0171875
3 0.4421875 0.40546875 0.00546875 0.01796875
3 0.4890625 0.40625 0.00546875 0.01875
3 0.565625 0.4671875 0.00546875 0.01953125
3 0.1890625 0.4015625 0.00703125 0.02578125
3 0.2203125 0.4671875 0.00703125 0.01875
3 0.88828125 0.37109375 0.021875 0.0796875
3 0.2453125 0.125 0.0171875 0.0640625
3 0.40078125 0.1234375 0.01796875 0.0578125
3 0.58515625 0.125 0.0171875 0.05859375
3 0.196875 0.403125 0.00625 0.0234375
3 0.2046875 0.403125 0.00703125 0.01875