3 0.2453125 0.13125 0.0203125 0.078125
3 0.4015625 0.12734375 0.01953125 0.065625
3 0.58671875 0.13828125 0.01953125 0.08515625
3 0.40390625 0.4015625 0.00625 0.00859375
3 0.56484375 0.4671875 0.00546875 0.0171875
3 0.88828125 0.37265625 0.02421875 0.0765625
3 0.1890625 0.4015625 0.00625 0.0265625
0 0.01953125 0.51953125 0.02265625 0.07265625
2 0.2703125 0.50390625 0.015625 0.03515625
3 0.4421875 0.4015625 0.00625 0.00859375
3 0.4890625 0.4015625 0.00625 0.0078125
3 0.19765625 0.40390625 0.00703125 0.02421875
3 0.2046875 0.403125 0.00703125 0.0171875