2 0.39296875 0.51953125 0.05078125 0.0578125
2 0.26953125 0.50390625 0.01328125 0.03359375
0 0.2921875 0.515625 0.01484375 0.0484375
0 0.32109375 0.51796875 0.015625 0.04453125
3 0.40390625 0.4015625 0.00625 0.00859375
3 0.44296875 0.4015625 0.00703125 0.009375
3 0.4890625 0.4015625 0.00625 0.009375
3 0.565625 0.4671875 0.0046875 0.01875
3 0.18984375 0.4015625 0.00703125 0.0265625
3 0.2203125 0.4671875 0.00625 0.01796875
3 0.8875 0.3703125 0.01953125 0.071875
3 0.2453125 0.13125 0.01953125 0.07265625
3 0.4 0.12578125 0.01796875 0.0609375
3 0.5875 0.13125 0.01953125 0.0703125
3 0.19765625 0.403125 0.0078125 0.02421875
3 0.20546875 0.40390625 0.00625 0.01796875