3 0.24609375 0.12890625 0.01875 0.06796875
3 0.4 0.12890625 0.02109375 0.06953125
3 0.5859375 0.12890625 0.01875 0.06484375
3 0.88671875 0.36953125 0.0203125 0.06875
3 0.40390625 0.4015625 0.00703125 0.0078125
3 0.565625 0.4671875 0.0046875 0.01796875
3 0.18984375 0.39921875 0.00703125 0.0234375
2 0.26953125 0.503125 0.0140625 0.034375
3 0.4421875 0.40234375 0.00625 0.00859375
3 0.4890625 0.4015625 0.00625 0.00859375
3 0.196875 0.4015625 0.00625 0.0203125
3 0.20390625 0.40390625 0.00625 0.01796875