3 0.17421875 0.13515625 0.0171875 0.02265625
2 0.43359375 0.51953125 0.0421875 0.0390625
3 0.76484375 0.3796875 0.01953125 0.0671875
2 0.4703125 0.5046875 0.0125 0.0125
2 0.4421875 0.5015625 0.0203125 0.01953125
3 0.4609375 0.46953125 0.003125 0.00390625
3 0.4734375 0.46953125 0.00234375 0.0046875
3 0.4890625 0.46953125 0.00234375 0.00390625
3 0.43515625 0.4515625 0.0046875 0.00703125
3 0.4546875 0.4515625 0.00390625 0.00625
3 0.478125 0.4515625 0.0046875 0.00546875
3 0.51484375 0.48046875 0.00390625 0.00859375
3 0.41875 0.4140625 0.00625 0.00859375
3 0.45234375 0.4140625 0.00625 0.0078125
3 0.49296875 0.4140625 0.00546875 0.009375
3 0.5578125 0.46640625 0.00625 0.00859375
3 0.3171875 0.1359375 0.01875 0.025
3 0.48828125 0.1375 0.01640625 0.02421875
0 0.2515625 0.509375 0.01015625 0.03046875