0 0.5734375 0.5140625 0.01015625 0.04453125
3 0.8875 0.371875 0.03046875 0.08359375
3 0.246875 0.13046875 0.0171875 0.0765625
3 0.4 0.10703125 0.01953125 0.0265625
3 0.5859375 0.1265625 0.01875 0.0640625
3 0.403125 0.4015625 0.00625 0.00859375
3 0.565625 0.46640625 0.0046875 0.01953125
2 0.2703125 0.503125 0.01484375 0.03359375
2 0.478125 0.50703125 0.01875 0.0234375
3 0.1890625 0.40078125 0.00625 0.02421875
3 0.4421875 0.40234375 0.00625 0.009375
3 0.4890625 0.40234375 0.00625 0.009375
3 0.2203125 0.4671875 0.00625 0.01796875
3 0.19765625 0.403125 0.00703125 0.0234375
3 0.2046875 0.403125 0.00546875 0.01796875