3 0.1734375 0.15625 0.0203125 0.0625
3 0.3171875 0.15703125 0.0171875 0.06640625
3 0.48828125 0.15703125 0.0171875 0.0625
3 0.76484375 0.378125 0.0203125 0.06640625
2 0.43359375 0.51796875 0.0421875 0.03984375
3 0.55859375 0.47109375 0.0046875 0.01796875
2 0.45078125 0.49921875 0.01328125 0.01640625
2 0.4703125 0.50390625 0.01171875 0.0140625
3 0.51484375 0.48359375 0.00234375 0.01015625
3 0.478125 0.4515625 0.003125 0.00390625
3 0.4546875 0.45078125 0.003125 0.0046875
3 0.4359375 0.45078125 0.003125 0.00390625
3 0.4609375 0.46953125 0.0015625 0.003125
3 0.47421875 0.46953125 0.00234375 0.003125
3 0.48984375 0.46953125 0.0015625 0.003125
3 0.41953125 0.41328125 0.00390625 0.00703125
3 0.453125 0.4140625 0.00390625 0.00546875
3 0.49296875 0.4140625 0.00390625 0.00625