0 0.2171875 0.5484375 0.0375 0.12578125
2 0.43359375 0.5171875 0.04296875 0.0421875
3 0.51484375 0.4796875 0.0046875 0.00546875
3 0.4890625 0.465625 0.003125 0.00390625
3 0.4734375 0.465625 0.00390625 0.00390625
3 0.4609375 0.465625 0.003125 0.00390625
3 0.5578125 0.46640625 0.00625 0.00859375
3 0.4359375 0.45078125 0.00390625 0.00625
3 0.4546875 0.45078125 0.00390625 0.00546875
3 0.47734375 0.45078125 0.00390625 0.00625
3 0.41953125 0.41328125 0.00546875 0.00703125
3 0.453125 0.41328125 0.00625 0.0078125
3 0.49296875 0.41328125 0.00625 0.0078125
3 0.17421875 0.1359375 0.0171875 0.025
3 0.3171875 0.1359375 0.0171875 0.0234375
3 0.4890625 0.1375 0.0171875 0.0265625
3 0.7625 0.37890625 0.02421875 0.06640625