2 0.38203125 0.52109375 0.05703125 0.065625
0 0.1984375 0.51328125 0.01875 0.05078125
3 0.1890625 0.40078125 0.00546875 0.02421875
3 0.2203125 0.46640625 0.00625 0.01875
3 0.40390625 0.40234375 0.0046875 0.0078125
3 0.4421875 0.40078125 0.00546875 0.00703125
3 0.4890625 0.4015625 0.00625 0.00703125
3 0.565625 0.46640625 0.0046875 0.01796875
2 0.2703125 0.503125 0.01484375 0.03671875
3 0.88828125 0.36953125 0.01796875 0.0703125
3 0.58671875 0.12890625 0.01640625 0.06484375
3 0.40078125 0.12578125 0.01796875 0.0625
3 0.24765625 0.1296875 0.0171875 0.07109375
3 0.196875 0.4015625 0.00546875 0.02109375
3 0.2046875 0.40234375 0.00546875 0.0171875