0 0.11796875 0.54140625 0.025 0.13984375
3 0.4609375 0.46796875 0.00234375 0.003125
3 0.47421875 0.46875 0.003125 0.003125
3 0.48984375 0.46796875 0.00234375 0.00390625
3 0.51484375 0.48046875 0.003125 0.00546875
3 0.47734375 0.45078125 0.003125 0.0046875
3 0.4546875 0.45078125 0.00390625 0.0046875
3 0.4359375 0.45078125 0.00390625 0.00546875
3 0.55859375 0.465625 0.00625 0.01015625
3 0.41953125 0.41328125 0.00546875 0.0078125
3 0.453125 0.4140625 0.00546875 0.00703125
3 0.49296875 0.41328125 0.0046875 0.0078125
2 0.43359375 0.51796875 0.04375 0.0359375
3 0.25078125 0.4046875 0.00546875 0.0046875
0 0.26640625 0.509375 0.01171875 0.0390625
3 0.17421875 0.1359375 0.015625 0.02421875
3 0.3171875 0.1359375 0.01640625 0.025
3 0.4890625 0.13671875 0.015625 0.025
3 0.76640625 0.3796875 0.01953125 0.06796875