2 0.22109375 0.54609375 0.1 0.06953125
0 0.16875 0.51171875 0.01640625 0.05703125
2 0.30234375 0.503125 0.0125 0.03125
3 0.43046875 0.4078125 0.00625 0.009375
3 0.46640625 0.4078125 0.00625 0.0078125
3 0.51015625 0.4078125 0.00703125 0.009375
3 0.58203125 0.46875 0.00703125 0.01875
3 0.8328125 0.396875 0.01640625 0.0609375
3 0.5890625 0.19921875 0.01484375 0.046875
3 0.440625 0.19765625 0.0140625 0.0453125
3 0.31640625 0.203125 0.01484375 0.059375
3 0.2296875 0.403125 0.00546875 0.0171875
3 0.2375 0.40625 0.00546875 0.01796875
3 0.24453125 0.409375 0.00390625 0.0171875