2 0.35625 0.52734375 0.07421875 0.08203125
0 0.43203125 0.515625 0.01796875 0.04609375
0 0.15546875 0.5109375 0.0125 0.05078125
3 0.1890625 0.40234375 0.00546875 0.0265625
3 0.21953125 0.46640625 0.00546875 0.01953125
2 0.26953125 0.503125 0.015625 0.03203125
3 0.403125 0.4015625 0.00625 0.009375
3 0.4421875 0.4015625 0.0046875 0.0078125
3 0.48828125 0.40234375 0.00546875 0.009375
3 0.565625 0.46640625 0.00546875 0.01796875
3 0.24609375 0.13046875 0.01796875 0.07421875
3 0.4 0.125 0.01796875 0.05859375
3 0.5859375 0.12421875 0.0171875 0.05859375
3 0.88828125 0.37109375 0.021875 0.07734375
3 0.196875 0.403125 0.00546875 0.02421875
3 0.2046875 0.403125 0.0046875 0.01875