2 0.31015625 0.53828125 0.1078125 0.11328125
0 0.46640625 0.51640625 0.01796875 0.04453125
3 0.565625 0.46640625 0.00546875 0.01953125
3 0.4890625 0.4015625 0.00625 0.00703125
3 0.4421875 0.40078125 0.00625 0.0078125
3 0.40390625 0.4015625 0.00625 0.00859375
3 0.2203125 0.46640625 0.00546875 0.0203125
3 0.18984375 0.4 0.00546875 0.0234375
3 0.88828125 0.37109375 0.01875 0.07109375
3 0.246875 0.12578125 0.015625 0.06015625
3 0.4015625 0.1078125 0.01875 0.02421875
3 0.58515625 0.10625 0.01796875 0.025
3 0.196875 0.4015625 0.00546875 0.02109375
3 0.20546875 0.403125 0.00546875 0.01796875