3 0.24609375 0.1296875 0.01875 0.075
3 0.4015625 0.1078125 0.01796875 0.0234375
3 0.5859375 0.10859375 0.015625 0.02421875
3 0.8875 0.37109375 0.0203125 0.07265625
3 0.40390625 0.4015625 0.00625 0.00703125
3 0.56640625 0.46640625 0.00625 0.01796875
3 0.21953125 0.46640625 0.00625 0.02109375
2 0.48125 0.50546875 0.03984375 0.03203125
2 0.2703125 0.503125 0.01484375 0.03515625
3 0.4421875 0.4015625 0.00625 0.0078125
3 0.4890625 0.4015625 0.00546875 0.0078125
0 0.57421875 0.515625 0.01171875 0.04921875
3 0.1890625 0.3984375 0.00625 0.01953125
3 0.19765625 0.40078125 0.00625 0.021875
3 0.20546875 0.403125 0.0046875 0.01875