2 0.38984375 0.51796875 0.05625 0.05859375
0 0.23671875 0.515625 0.01953125 0.04765625
3 0.2203125 0.4671875 0.00625 0.01796875
3 0.40390625 0.4015625 0.00625 0.00859375
3 0.4421875 0.4015625 0.00546875 0.0078125
3 0.4890625 0.4015625 0.00625 0.00859375
3 0.565625 0.4671875 0.00390625 0.0171875
2 0.26953125 0.50390625 0.01484375 0.034375
3 0.8875 0.3703125 0.0203125 0.0734375
3 0.5859375 0.1078125 0.01796875 0.025
3 0.40078125 0.10703125 0.01875 0.025
3 0.2453125 0.128125 0.01640625 0.06875
3 0.18984375 0.40078125 0.00546875 0.0265625
3 0.196875 0.40234375 0.00703125 0.02421875
3 0.2046875 0.403125 0.00625 0.01875