2 0.43515625 0.51796875 0.09140625 0.03515625
0 0.53046875 0.515625 0.01171875 0.04765625
2 0.2703125 0.50390625 0.01484375 0.03359375
3 0.2203125 0.4671875 0.00546875 0.01796875
3 0.565625 0.46171875 0.00546875 0.0078125
3 0.4890625 0.4015625 0.00625 0.00859375
3 0.4421875 0.4015625 0.00703125 0.009375
3 0.403125 0.4015625 0.00703125 0.009375
3 0.24609375 0.12421875 0.01796875 0.06171875
3 0.40078125 0.10703125 0.01796875 0.02734375
3 0.5859375 0.10859375 0.0171875 0.02578125
3 0.8875 0.3734375 0.021875 0.075
3 0.1890625 0.40078125 0.00703125 0.02578125
3 0.196875 0.40234375 0.00625 0.02265625
3 0.2046875 0.40390625 0.00703125 0.0171875