3 0.24609375 0.12734375 0.01953125 0.065625
3 0.40390625 0.4015625 0.00546875 0.0078125
3 0.88828125 0.37109375 0.021875 0.075
3 0.565625 0.46796875 0.00546875 0.0203125
3 0.18984375 0.4 0.0078125 0.025
0 0.5765625 0.515625 0.009375 0.04921875
2 0.26953125 0.50390625 0.01484375 0.0375
3 0.4421875 0.4015625 0.00625 0.00703125
3 0.4890625 0.4015625 0.00546875 0.00703125
3 0.2203125 0.4671875 0.00703125 0.01875
3 0.4 0.121875 0.01875 0.059375
3 0.5859375 0.12421875 0.01640625 0.05703125
3 0.196875 0.4015625 0.00703125 0.02109375
3 0.20546875 0.40390625 0.0078125 0.01796875