3 0.24609375 0.10703125 0.0171875 0.02265625
3 0.8875 0.3703125 0.01953125 0.071875
3 0.403125 0.4015625 0.00703125 0.00859375
3 0.565625 0.4609375 0.0046875 0.00703125
0 0.57421875 0.51484375 0.0109375 0.04375
2 0.26953125 0.50390625 0.01484375 0.0359375
3 0.2203125 0.4671875 0.00625 0.01875
3 0.4421875 0.40234375 0.00625 0.00859375
3 0.4890625 0.4015625 0.00703125 0.009375
3 0.40078125 0.10703125 0.0171875 0.025
3 0.58671875 0.1078125 0.01796875 0.025
3 0.1890625 0.4 0.00703125 0.0234375
3 0.196875 0.403125 0.00703125 0.02265625
3 0.2046875 0.40390625 0.00625 0.01875