2 0.33046875 0.528125 0.05703125 0.04296875
3 0.39765625 0.32265625 0.009375 0.01328125
3 0.73984375 0.26640625 0.07265625 0.08671875
3 0.7890625 0.40390625 0.02890625 0.075
3 0.68671875 0.440625 0.009375 0.03203125
3 0.44375 0.42421875 0.00546875 0.00703125
3 0.0265625 0.45078125 0.00546875 0.009375
2 0.33359375 0.496875 0.009375 0.0171875
2 0.36171875 0.503125 0.0375 0.02109375
3 0.47421875 0.42421875 0.00546875 0.0078125
3 0.509375 0.4234375 0.0046875 0.0078125
0 0.2765625 0.51640625 0.00546875 0.02109375
3 0.46796875 0.32265625 0.00859375 0.0140625
3 0.5515625 0.32265625 0.01015625 0.0140625