2 0.80625 0.50859375 0.09140625 0.05546875
3 0.159375 0.465625 0.00390625 0.0046875
3 0.2203125 0.48671875 0.00390625 0.00703125
3 0.21953125 0.42109375 0.01171875 0.0375
3 0.5859375 0.4625 0.00546875 0.015625
3 0.53984375 0.390625 0.0046875 0.01328125
3 0.50546875 0.38046875 0.00703125 0.01640625
3 0.47109375 0.3703125 0.00625 0.01796875
3 0.996875 0.334375 0.00546875 0.0125
3 0.89765625 0.3515625 0.009375 0.0125
3 0.828125 0.36328125 0.00859375 0.0109375
3 0.878125 0.4625 0.00390625 0.0046875
3 0.9640625 0.48203125 0.00390625 0.00625
3 0.1765625 0.4671875 0.003125 0.00390625
3 0.19375 0.46953125 0.003125 0.00546875
3 0.896875 0.46171875 0.003125 0.0046875
3 0.92109375 0.4609375 0.003125 0.0046875