3 0.796875 0.37890625 0.00703125 0.01171875
3 0.85625 0.36875 0.00859375 0.009375
3 0.940625 0.35390625 0.00859375 0.0109375
3 0.5578125 0.3765625 0.00546875 0.01171875
3 0.6421875 0.4640625 0.00625 0.01328125
3 0.884375 0.46796875 0.003125 0.00390625
3 0.95859375 0.4859375 0.003125 0.00546875
2 0.8796875 0.50078125 0.0484375 0.03203125
3 0.359375 0.43046875 0.009375 0.03359375
3 0.5828125 0.3859375 0.00546875 0.009375
3 0.60859375 0.3953125 0.0046875 0.0078125
3 0.9015625 0.46640625 0.003125 0.00390625
3 0.92265625 0.465625 0.003125 0.00390625