3 0.309375 0.45859375 0.00390625 0.01171875
3 0.8109375 0.409375 0.00625 0.00859375
3 0.46015625 0.3125 0.0109375 0.0390625
3 0.44765625 0.4796875 0.00390625 0.0140625
3 0.4046875 0.4578125 0.00234375 0.009375
3 0.41484375 0.45625 0.003125 0.009375
3 0.4265625 0.45546875 0.003125 0.009375
3 0.38828125 0.4421875 0.009375 0.028125
3 0.371875 0.48671875 0.0015625 0.00625
0 0.32265625 0.49296875 0.01484375 0.01953125
2 0.78828125 0.50625 0.0296875 0.0203125
3 0.60546875 0.2390625 0.0140625 0.05234375
3 0.52734375 0.27578125 0.01328125 0.04609375
3 0.32578125 0.46015625 0.00234375 0.00859375
3 0.34375 0.46015625 0.00234375 0.00625
3 0.8546875 0.40390625 0.00703125 0.0078125
3 0.91484375 0.39765625 0.00625 0.00859375