2 0.2265625 0.503125 0.06328125 0.05390625
3 0.36953125 0.35234375 0.01015625 0.021875
3 0.4140625 0.365625 0.00859375 0.0171875
3 0.4578125 0.3828125 0.01015625 0.0234375
3 0.51328125 0.46015625 0.00859375 0.01953125
3 0.065625 0.4609375 0.00625 0.00546875
3 0.08515625 0.4625 0.00546875 0.0046875
3 0.1078125 0.46328125 0.00625 0.00625
3 0.14140625 0.484375 0.00625 0.00703125
2 0.81015625 0.50390625 0.02265625 0.02109375
3 0.753125 0.3640625 0.0125 0.02578125
3 0.8203125 0.353125 0.01171875 0.028125
3 0.91875 0.33671875 0.01328125 0.03125
3 0.8125 0.46875 0.00625 0.00546875
3 0.8875 0.48828125 0.00703125 0.00703125
3 0.8296875 0.46796875 0.00546875 0.00703125
3 0.85078125 0.46796875 0.00546875 0.009375