3 0.81015625 0.41015625 0.00703125 0.009375
3 0.3875 0.4421875 0.01015625 0.02890625
3 0.309375 0.46015625 0.00390625 0.01015625
3 0.32578125 0.46015625 0.003125 0.0078125
3 0.34375 0.46171875 0.003125 0.00859375
3 0.371875 0.4859375 0.00234375 0.00703125
3 0.4046875 0.45703125 0.003125 0.0109375
3 0.41484375 0.45625 0.00234375 0.00859375
3 0.4265625 0.45546875 0.003125 0.00859375
3 0.44765625 0.48046875 0.00234375 0.0109375
2 0.478125 0.49921875 0.0140625 0.015625
3 0.60546875 0.24296875 0.01484375 0.0609375
3 0.528125 0.27890625 0.015625 0.053125
3 0.4625 0.31328125 0.015625 0.03984375
3 0.8546875 0.4046875 0.00625 0.00859375
3 0.91484375 0.39765625 0.00546875 0.0078125