2 0.16875 0.496875 0.0421875 0.028125
2 0.21015625 0.50859375 0.03984375 0.02890625
2 0.45390625 0.5109375 0.0578125 0.03046875
2 0.49765625 0.4984375 0.03203125 0.0390625
2 0.5390625 0.4984375 0.05390625 0.0375
3 0.33828125 0.484375 0.00234375 0.00703125
3 0.2640625 0.48671875 0.003125 0.00625
3 0.23125 0.4609375 0.00390625 0.00625
3 0.19140625 0.45859375 0.00390625 0.00703125
3 0.21015625 0.46015625 0.00390625 0.00625
0 0.74375 0.50546875 0.00390625 0.01171875
3 0.89375 0.4703125 0.00390625 0.0078125
3 0.91484375 0.46953125 0.00390625 0.0078125
3 0.9515625 0.4890625 0.003125 0.01015625