3 0.81015625 0.41015625 0.0078125 0.00859375
3 0.309375 0.4609375 0.003125 0.0078125
3 0.60546875 0.234375 0.015625 0.04609375
3 0.52734375 0.27578125 0.0125 0.04765625
3 0.4625 0.3125 0.01484375 0.03984375
3 0.38828125 0.4421875 0.009375 0.028125
2 0.47734375 0.5 0.015625 0.01484375
3 0.4046875 0.45703125 0.003125 0.01015625
3 0.41484375 0.45625 0.00234375 0.0078125
3 0.4265625 0.45546875 0.00390625 0.00859375
3 0.44765625 0.48203125 0.003125 0.009375
3 0.8546875 0.40390625 0.00703125 0.00859375
3 0.91484375 0.39765625 0.00625 0.009375
3 0.32578125 0.4609375 0.00234375 0.0078125
3 0.34375 0.4625 0.00234375 0.00859375
3 0.37109375 0.4859375 0.00234375 0.0078125