2 0.7125 0.509375 0.05234375 0.0359375
3 0.75390625 0.36484375 0.009375 0.02578125
3 0.82109375 0.353125 0.009375 0.0296875
3 0.9203125 0.3375 0.01015625 0.03046875
3 0.2734375 0.48125 0.00390625 0.009375
3 0.23515625 0.45390625 0.0046875 0.0125
3 0.1859375 0.44921875 0.00390625 0.0109375
3 0.209375 0.45 0.00390625 0.0109375
3 0.33203125 0.47578125 0.00390625 0.01328125
3 0.296875 0.44765625 0.003125 0.0109375
2 0.01328125 0.50234375 0.0265625 0.0328125
3 0.3046875 0.44609375 0.00390625 0.0109375
3 0.31484375 0.44453125 0.0046875 0.01171875
3 0.034375 0.40859375 0.00625 0.01640625
3 0.09453125 0.4140625 0.00546875 0.015625