3 0.5578125 0.3765625 0.00546875 0.01015625
3 0.5828125 0.3859375 0.0046875 0.009375
3 0.6078125 0.3953125 0.0046875 0.0078125
3 0.6421875 0.46484375 0.00625 0.015625
3 0.79765625 0.378125 0.00625 0.009375
3 0.85625 0.36796875 0.00859375 0.01015625
3 0.940625 0.3546875 0.009375 0.01015625
3 0.95859375 0.48515625 0.00234375 0.0046875
3 0.92265625 0.465625 0.0046875 0.0046875
3 0.88515625 0.46796875 0.003125 0.0046875
3 0.9015625 0.46640625 0.003125 0.0046875
2 0.81796875 0.50234375 0.0140625 0.0125
2 0.89453125 0.5015625 0.02265625 0.02109375
2 0.59375 0.50234375 0.02734375 0.02734375
3 0.76015625 0.48515625 0.0046875 0.00859375
3 0.7765625 0.48671875 0.0046875 0.00703125
3 0.359375 0.4296875 0.01015625 0.0328125