3 0.471875 0.371875 0.00625 0.02109375
3 0.58515625 0.4625 0.00546875 0.01640625
3 0.828125 0.36328125 0.00859375 0.0125
3 0.89765625 0.35078125 0.01015625 0.0125
3 0.996875 0.33125 0.00625 0.0125
2 0.78203125 0.5109375 0.0453125 0.02890625
3 0.878125 0.46328125 0.0046875 0.00625
3 0.159375 0.4671875 0.00234375 0.0078125
3 0.2203125 0.48671875 0.003125 0.00625
2 0.81796875 0.4984375 0.00703125 0.0125
0 0.75390625 0.49921875 0.00859375 0.0234375
3 0.96328125 0.48359375 0.003125 0.01015625
3 0.89765625 0.4609375 0.00390625 0.00625
3 0.92109375 0.46015625 0.00390625 0.00546875
3 0.50625 0.38203125 0.00546875 0.01875
3 0.5390625 0.39296875 0.00703125 0.0203125
3 0.175 0.46796875 0.00234375 0.00625
3 0.19296875 0.46953125 0.00234375 0.00625