3 0.47109375 0.37265625 0.0078125 0.02421875
3 0.50546875 0.38359375 0.00703125 0.021875
3 0.53984375 0.39375 0.00625 0.01953125
3 0.5859375 0.46328125 0.00625 0.0171875
3 0.828125 0.3640625 0.00859375 0.01015625
3 0.89765625 0.35078125 0.0109375 0.01015625
3 0.996875 0.3328125 0.00625 0.01171875
3 0.878125 0.4625 0.00390625 0.00546875
3 0.9640625 0.48359375 0.003125 0.01015625
3 0.159375 0.465625 0.003125 0.00546875
3 0.2203125 0.4875 0.003125 0.009375
0 0.73515625 0.5015625 0.0078125 0.025
2 0.81796875 0.4984375 0.00859375 0.015625
3 0.17578125 0.46640625 0.003125 0.0046875
3 0.19375 0.46953125 0.0015625 0.00625
3 0.896875 0.46171875 0.00390625 0.0046875
3 0.92109375 0.4609375 0.003125 0.0046875