3 0.81015625 0.409375 0.00625 0.00703125
2 0.76796875 0.50703125 0.03671875 0.02578125
3 0.309375 0.45859375 0.003125 0.01015625
3 0.60546875 0.2421875 0.01484375 0.05703125
3 0.46171875 0.31171875 0.01328125 0.04296875
3 0.3875 0.4421875 0.0109375 0.028125
3 0.371875 0.4859375 0.00234375 0.00703125
3 0.4046875 0.45703125 0.003125 0.01015625
3 0.44765625 0.48203125 0.003125 0.0109375
2 0.478125 0.49921875 0.01484375 0.01640625
3 0.8546875 0.40390625 0.00625 0.0078125
3 0.91484375 0.39765625 0.00703125 0.009375
3 0.4140625 0.45625 0.00234375 0.00859375
3 0.4265625 0.45546875 0.00234375 0.009375
3 0.32578125 0.46015625 0.00234375 0.00859375
3 0.34375 0.4609375 0.003125 0.00703125