0 0.49453125 0.51484375 0.03203125 0.09453125
2 0.76796875 0.5078125 0.03515625 0.025
3 0.403125 0.4578125 0.003125 0.01015625
3 0.44609375 0.48125 0.003125 0.01171875
3 0.3078125 0.45859375 0.00390625 0.01015625
3 0.38203125 0.440625 0.009375 0.03203125
3 0.59921875 0.2390625 0.01953125 0.0671875
3 0.45546875 0.31015625 0.0140625 0.0421875
3 0.91484375 0.4046875 0.00703125 0.01640625
3 0.8546875 0.41015625 0.00625 0.01875
3 0.809375 0.41484375 0.00625 0.0171875
3 0.41328125 0.45625 0.00234375 0.0078125
3 0.42421875 0.4546875 0.00234375 0.00859375
3 0.3234375 0.459375 0.003125 0.01015625
3 0.3421875 0.46015625 0.00234375 0.0046875