2 0.3453125 0.5578125 0.32421875 0.14765625
3 0.159375 0.465625 0.003125 0.00546875
3 0.22109375 0.4875 0.003125 0.00703125
3 0.58515625 0.4625 0.00625 0.01796875
3 0.47109375 0.371875 0.00859375 0.0203125
3 0.50625 0.38203125 0.00703125 0.0171875
3 0.5390625 0.39140625 0.00703125 0.01640625
0 0.73984375 0.5015625 0.009375 0.0234375
3 0.828125 0.3671875 0.00859375 0.01796875
3 0.89765625 0.3546875 0.00859375 0.01796875
3 0.99609375 0.33515625 0.0078125 0.0203125
3 0.9640625 0.484375 0.003125 0.01015625
3 0.878125 0.46328125 0.00390625 0.00703125
3 0.896875 0.46328125 0.0046875 0.00859375
3 0.92109375 0.4625 0.0046875 0.00859375
3 0.21953125 0.4203125 0.01015625 0.0390625
3 0.19375 0.46875 0.00234375 0.00703125