3 0.5578125 0.3765625 0.0046875 0.009375
3 0.79765625 0.37890625 0.0078125 0.009375
3 0.6421875 0.46484375 0.00625 0.01640625
0 0.65546875 0.50078125 0.0109375 0.0375
3 0.884375 0.46796875 0.003125 0.00390625
3 0.95859375 0.48515625 0.00390625 0.00625
3 0.5828125 0.3859375 0.00390625 0.0078125
3 0.60859375 0.3953125 0.00390625 0.009375
3 0.85625 0.36875 0.00859375 0.0109375
3 0.940625 0.3546875 0.00859375 0.01015625
3 0.9015625 0.46640625 0.00234375 0.0046875
3 0.92265625 0.46640625 0.00390625 0.00390625