3 0.5578125 0.3765625 0.00546875 0.01015625
3 0.5828125 0.3859375 0.00546875 0.009375
3 0.6078125 0.4 0.0046875 0.01640625
3 0.64296875 0.4640625 0.00625 0.01484375
3 0.79765625 0.378125 0.00703125 0.0109375
3 0.85703125 0.36875 0.0078125 0.01015625
3 0.940625 0.35390625 0.00859375 0.01015625
2 0.89140625 0.5015625 0.02734375 0.0234375
3 0.884375 0.46796875 0.003125 0.003125
3 0.90078125 0.4671875 0.00234375 0.003125
3 0.92265625 0.465625 0.00390625 0.00390625
3 0.95859375 0.48671875 0.00390625 0.00703125
3 0.36015625 0.42890625 0.01171875 0.03515625