0 0.7765625 0.50390625 0.01171875 0.04453125
3 0.35859375 0.4296875 0.0078125 0.034375
3 0.5578125 0.3765625 0.0046875 0.009375
3 0.5828125 0.3859375 0.0046875 0.009375
3 0.6078125 0.39609375 0.00546875 0.01015625
3 0.6421875 0.46484375 0.00703125 0.0171875
3 0.796875 0.37890625 0.00703125 0.009375
3 0.85625 0.36953125 0.0078125 0.01015625
3 0.940625 0.3546875 0.009375 0.01015625
3 0.9578125 0.48671875 0.003125 0.00703125
2 0.89453125 0.5015625 0.0203125 0.0203125
3 0.884375 0.46796875 0.003125 0.00390625
3 0.90078125 0.4671875 0.003125 0.0046875
3 0.92265625 0.465625 0.00390625 0.00546875