0 0.35390625 0.5046875 0.01171875 0.04296875
3 0.309375 0.45859375 0.00390625 0.01015625
3 0.37109375 0.4859375 0.003125 0.00859375
3 0.4140625 0.45625 0.00234375 0.00859375
3 0.44765625 0.48046875 0.00390625 0.0140625
3 0.38671875 0.4421875 0.01328125 0.02890625
3 0.46171875 0.3125 0.0140625 0.04296875
2 0.478125 0.50078125 0.015625 0.01640625
2 0.76796875 0.5078125 0.0359375 0.025
3 0.60625 0.24140625 0.01796875 0.05703125
3 0.528125 0.27734375 0.01484375 0.04609375
3 0.81015625 0.409375 0.00625 0.00703125
3 0.8546875 0.4046875 0.00625 0.0078125
3 0.91484375 0.39765625 0.00546875 0.00859375
3 0.32578125 0.46015625 0.003125 0.00859375
3 0.34375 0.46171875 0.003125 0.0078125
3 0.4265625 0.4546875 0.003125 0.009375