2 0.396875 0.50859375 0.08046875 0.0515625
3 0.159375 0.465625 0.00390625 0.00546875
3 0.22109375 0.4859375 0.003125 0.0046875
0 0.68515625 0.50234375 0.0078125 0.02890625
3 0.471875 0.36640625 0.00546875 0.01015625
3 0.50625 0.37734375 0.00546875 0.009375
3 0.540625 0.3875 0.0046875 0.0078125
3 0.58515625 0.4625 0.00546875 0.01640625
2 0.7953125 0.50234375 0.034375 0.01171875
3 0.828125 0.36328125 0.00859375 0.01015625
3 0.89765625 0.35078125 0.00859375 0.0109375
3 0.996875 0.33359375 0.00546875 0.01328125
2 0.81796875 0.49921875 0.0078125 0.01171875
3 0.878125 0.4625 0.00390625 0.0046875
3 0.96328125 0.48359375 0.00390625 0.01015625
3 0.89765625 0.46171875 0.003125 0.00390625
3 0.92109375 0.4609375 0.003125 0.0046875
3 0.19375 0.46875 0.00234375 0.00625