2 0.8265625 0.50625 0.03359375 0.02890625
3 0.62265625 0.415625 0.0046875 0.015625
3 0.63828125 0.41875 0.00390625 0.0125
3 0.6546875 0.42421875 0.003125 0.009375
3 0.67890625 0.4734375 0.00546875 0.0140625
3 0.865625 0.40859375 0.00625 0.0078125
3 0.91328125 0.403125 0.0078125 0.00859375
3 0.97890625 0.3953125 0.00859375 0.00859375
3 0.8921875 0.4671875 0.00390625 0.00390625
3 0.909375 0.46640625 0.00390625 0.00546875
3 0.93125 0.46484375 0.00390625 0.00625
3 0.52734375 0.45625 0.00625 0.02109375