2 0.221875 0.4953125 0.14296875 0.07578125
3 0.003125 0.44453125 0.00546875 0.00546875
3 0.03125 0.471875 0.003125 0.0046875
3 0.0390625 0.44765625 0.0046875 0.00625
3 0.09140625 0.48125 0.00390625 0.01015625
3 0.89140625 0.46328125 0.00390625 0.01015625
3 0.990625 0.4859375 0.00390625 0.01015625
3 0.04609375 0.47265625 0.00234375 0.00390625
3 0.0640625 0.47265625 0.00234375 0.00390625
2 0.04921875 0.503125 0.01484375 0.01015625
2 0.009375 0.50703125 0.01875 0.0296875
2 0.15078125 0.4984375 0.021875 0.059375
3 0.91328125 0.46171875 0.003125 0.00859375
3 0.94140625 0.4609375 0.0046875 0.01015625