2 0.30703125 0.50390625 0.05 0.04375
2 0.87734375 0.50234375 0.025 0.02421875
0 0.82109375 0.5 0.009375 0.02265625
0 0.6078125 0.50234375 0.0125 0.03515625
3 0.47109375 0.36640625 0.00625 0.0109375
3 0.50546875 0.37734375 0.00625 0.009375
3 0.53984375 0.39375 0.00625 0.01953125
3 0.58515625 0.46328125 0.00546875 0.01796875
3 0.828125 0.3625 0.00859375 0.01015625
3 0.89765625 0.35078125 0.01015625 0.0109375
3 0.996875 0.3328125 0.00625 0.0125
3 0.878125 0.4625 0.0046875 0.00546875
3 0.89765625 0.46171875 0.0046875 0.00625
3 0.92109375 0.46171875 0.00390625 0.00625
3 0.9640625 0.48359375 0.003125 0.01015625
3 0.159375 0.46640625 0.00390625 0.00546875
3 0.22109375 0.48671875 0.003125 0.00546875
3 0.1765625 0.4671875 0.003125 0.0046875
3 0.19375 0.46953125 0.00234375 0.00625