0 0.4015625 0.503125 0.01796875 0.0625
3 0.46171875 0.31171875 0.0125 0.04375
3 0.38671875 0.4421875 0.01171875 0.02890625
2 0.76796875 0.50703125 0.0375 0.02421875
3 0.4046875 0.4578125 0.003125 0.009375
3 0.44765625 0.48125 0.003125 0.0125
3 0.309375 0.45859375 0.003125 0.009375
3 0.371875 0.4859375 0.00234375 0.0078125
2 0.478125 0.5 0.01484375 0.0171875
3 0.81015625 0.409375 0.00703125 0.0078125
3 0.8546875 0.40390625 0.00625 0.00859375
3 0.915625 0.39765625 0.00703125 0.00859375
3 0.32578125 0.46015625 0.00234375 0.009375
3 0.34375 0.46015625 0.00390625 0.00703125
3 0.4140625 0.45625 0.00234375 0.00859375
3 0.4265625 0.45546875 0.003125 0.00859375