0 0.40546875 0.5046875 0.015625 0.05703125
2 0.7671875 0.5078125 0.03515625 0.02578125
3 0.81015625 0.409375 0.00703125 0.009375
3 0.8546875 0.40390625 0.00625 0.00859375
3 0.91484375 0.39765625 0.00625 0.00859375
3 0.60625 0.23515625 0.01640625 0.04609375
3 0.46171875 0.3125 0.0140625 0.040625
2 0.478125 0.50078125 0.01484375 0.0171875
3 0.44765625 0.48203125 0.003125 0.01015625
3 0.4265625 0.45546875 0.00390625 0.01015625
3 0.309375 0.459375 0.003125 0.0109375
3 0.371875 0.4859375 0.003125 0.00703125
3 0.38671875 0.44296875 0.0125 0.028125
3 0.41484375 0.45625 0.00234375 0.00859375
3 0.32578125 0.46015625 0.00234375 0.009375
3 0.34375 0.4609375 0.00234375 0.0078125