3 0.159375 0.465625 0.003125 0.00546875
3 0.22109375 0.4859375 0.00390625 0.00625
3 0.471875 0.36640625 0.00625 0.00859375
3 0.50625 0.37734375 0.00625 0.009375
3 0.540625 0.38828125 0.00546875 0.00859375
3 0.58515625 0.4625 0.00546875 0.0171875
3 0.21953125 0.42265625 0.0109375 0.0375
0 0.6578125 0.50390625 0.01328125 0.0375
2 0.84921875 0.50546875 0.04609375 0.04453125
0 0.9109375 0.49921875 0.01171875 0.02890625
3 0.828125 0.3625 0.00859375 0.009375
3 0.89765625 0.35078125 0.00859375 0.0109375
3 0.996875 0.3328125 0.00625 0.0109375
3 0.96328125 0.48359375 0.003125 0.0109375
3 0.878125 0.4625 0.00390625 0.00625
2 0.8171875 0.49921875 0.0078125 0.0125
3 0.17578125 0.4671875 0.00234375 0.003125
3 0.19296875 0.46953125 0.00234375 0.00625
3 0.896875 0.46171875 0.00390625 0.0046875
3 0.92109375 0.4609375 0.00390625 0.0046875