0 0.85546875 0.5078125 0.021875 0.05
3 0.35234375 0.4296875 0.0125 0.034375
3 0.640625 0.46640625 0.00625 0.01875
3 0.5546875 0.37578125 0.00546875 0.0078125
3 0.58046875 0.3859375 0.00546875 0.00859375
3 0.60625 0.3953125 0.00546875 0.00859375
3 0.95859375 0.48828125 0.00390625 0.0078125
2 0.89375 0.50234375 0.02109375 0.021875
3 0.88515625 0.47109375 0.003125 0.00546875
3 0.9015625 0.47109375 0.003125 0.00546875
3 0.91953125 0.471875 0.003125 0.00390625
3 0.796875 0.3859375 0.00703125 0.0234375
3 0.85546875 0.3765625 0.00859375 0.025
3 0.940625 0.36328125 0.01015625 0.02578125