2 0.16875 0.496875 0.03828125 0.02890625
2 0.1828125 0.50703125 0.03359375 0.01953125
3 0.1921875 0.459375 0.00390625 0.0078125
3 0.26484375 0.4859375 0.003125 0.0078125
3 0.3234375 0.45546875 0.0046875 0.009375
2 0.5015625 0.49765625 0.0328125 0.03671875
2 0.54140625 0.4984375 0.05390625 0.03671875
2 0.6140625 0.51328125 0.09609375 0.0421875
0 0.73984375 0.50546875 0.0046875 0.01484375
3 0.95 0.48671875 0.003125 0.0078125
3 0.87578125 0.46875 0.003125 0.00546875
3 0.8921875 0.4671875 0.003125 0.0046875
3 0.91328125 0.46640625 0.00390625 0.0046875
3 0.2109375 0.45859375 0.003125 0.0046875
3 0.2328125 0.46015625 0.00390625 0.00625