3 0.471875 0.36640625 0.00703125 0.0109375
3 0.58515625 0.4625 0.00546875 0.01796875
3 0.828125 0.36328125 0.01015625 0.01171875
3 0.89765625 0.35 0.01015625 0.01171875
3 0.996875 0.3328125 0.00546875 0.01171875
3 0.878125 0.4625 0.003125 0.00625
3 0.96328125 0.48359375 0.00390625 0.009375
3 0.22109375 0.42421875 0.01484375 0.04375
3 0.159375 0.465625 0.0046875 0.0046875
3 0.22109375 0.4859375 0.0046875 0.00703125
3 0.50625 0.3765625 0.0078125 0.01015625
3 0.5390625 0.39296875 0.00703125 0.01953125
0 0.72109375 0.5015625 0.009375 0.02421875
2 0.8171875 0.49921875 0.0078125 0.0140625
3 0.1765625 0.4671875 0.00234375 0.0046875
3 0.19296875 0.46875 0.0015625 0.00546875
3 0.89765625 0.46171875 0.00390625 0.0046875
3 0.92109375 0.4609375 0.00390625 0.0046875