2 0.9296875 0.51796875 0.13984375 0.059375
2 0.16953125 0.496875 0.040625 0.03046875
3 0.19296875 0.45859375 0.00390625 0.00546875
3 0.26484375 0.48671875 0.00234375 0.0078125
3 0.32421875 0.4546875 0.003125 0.0078125
2 0.50078125 0.4984375 0.03203125 0.03671875
2 0.540625 0.4984375 0.05390625 0.0375
0 0.73515625 0.50546875 0.00390625 0.01328125
3 0.95 0.48671875 0.003125 0.00703125
3 0.8765625 0.46796875 0.00234375 0.00390625
3 0.8921875 0.46640625 0.00234375 0.00390625
3 0.9140625 0.46640625 0.003125 0.003125
3 0.21171875 0.45859375 0.003125 0.00546875
3 0.2328125 0.46015625 0.003125 0.00390625