3 0.81015625 0.409375 0.00703125 0.00703125
3 0.8546875 0.4046875 0.00703125 0.00859375
3 0.91484375 0.39765625 0.00625 0.0078125
3 0.31015625 0.46015625 0.003125 0.00859375
3 0.3265625 0.4609375 0.00234375 0.00703125
3 0.34375 0.46328125 0.003125 0.00703125
3 0.371875 0.48671875 0.00234375 0.00703125
3 0.38671875 0.4421875 0.01171875 0.028125
3 0.4046875 0.45703125 0.003125 0.00859375
3 0.41484375 0.45625 0.003125 0.00859375
3 0.4265625 0.45546875 0.003125 0.009375
3 0.44765625 0.4796875 0.003125 0.01328125
3 0.46171875 0.3125 0.01484375 0.0390625
3 0.60546875 0.24140625 0.015625 0.05625
2 0.47890625 0.5 0.0125 0.015625