0 0.4546875 0.5140625 0.021875 0.084375
3 0.6046875 0.240625 0.0140625 0.05546875
3 0.4609375 0.31171875 0.0109375 0.0421875
3 0.38515625 0.4421875 0.0140625 0.02734375
3 0.371875 0.48671875 0.0015625 0.00625
3 0.31015625 0.45859375 0.003125 0.01015625
2 0.76875 0.50625 0.03515625 0.02265625
3 0.81015625 0.409375 0.00625 0.0078125
3 0.8546875 0.40390625 0.00625 0.0078125
3 0.91484375 0.39765625 0.00703125 0.0078125
2 0.478125 0.49921875 0.0140625 0.01796875
3 0.4265625 0.45546875 0.003125 0.00859375
3 0.44765625 0.47890625 0.00390625 0.0109375
3 0.4140625 0.45703125 0.00234375 0.00703125
3 0.40546875 0.4578125 0.00234375 0.0078125
3 0.32578125 0.4609375 0.00234375 0.00859375
3 0.34453125 0.4609375 0.00234375 0.00703125