3 0.21953125 0.421875 0.0140625 0.0421875
3 0.22109375 0.48671875 0.00234375 0.0046875
3 0.159375 0.465625 0.00234375 0.003125
3 0.471875 0.3671875 0.00546875 0.00859375
3 0.50625 0.37734375 0.00625 0.00859375
3 0.53984375 0.3875 0.00546875 0.00703125
3 0.58515625 0.46328125 0.00546875 0.01640625
2 0.2546875 0.503125 0.03515625 0.03125
2 0.8765625 0.5015625 0.025 0.02578125
2 0.81796875 0.49921875 0.00546875 0.0109375
3 0.828125 0.36328125 0.0078125 0.009375
3 0.89765625 0.35078125 0.00859375 0.0109375
3 0.99765625 0.3328125 0.0046875 0.01171875
3 0.96328125 0.48359375 0.003125 0.009375
3 0.878125 0.46328125 0.003125 0.00546875
3 0.896875 0.46171875 0.003125 0.0046875
3 0.92109375 0.4609375 0.003125 0.0046875
3 0.17578125 0.46640625 0.0015625 0.00390625
3 0.19375 0.46953125 0.00234375 0.00703125