0 0.71015625 0.50546875 0.015625 0.03984375
3 0.359375 0.4296875 0.01015625 0.03359375
3 0.5578125 0.3765625 0.00390625 0.00859375
3 0.5828125 0.38671875 0.00390625 0.0078125
3 0.6078125 0.39453125 0.00390625 0.0078125
3 0.6421875 0.46484375 0.00625 0.01640625
3 0.79765625 0.378125 0.00625 0.0078125
3 0.85625 0.36875 0.0078125 0.00859375
3 0.94140625 0.3546875 0.00859375 0.00859375
2 0.89453125 0.503125 0.021875 0.025
3 0.95859375 0.48515625 0.00390625 0.0046875
3 0.884375 0.46796875 0.003125 0.003125
3 0.9015625 0.46640625 0.003125 0.00390625
3 0.92265625 0.465625 0.00390625 0.0046875