0 0.371875 0.5046875 0.0125 0.05
3 0.60546875 0.23671875 0.015625 0.0484375
3 0.4609375 0.3125 0.01328125 0.04140625
3 0.3875 0.4421875 0.0109375 0.0296875
3 0.44765625 0.48046875 0.003125 0.01171875
3 0.4046875 0.4578125 0.003125 0.009375
3 0.31015625 0.45859375 0.00234375 0.009375
2 0.76875 0.50625 0.034375 0.0234375
3 0.81015625 0.409375 0.00625 0.00703125
3 0.8546875 0.40390625 0.00625 0.0078125
3 0.915625 0.39765625 0.00546875 0.0078125
2 0.47734375 0.5 0.01640625 0.01796875
3 0.32578125 0.46015625 0.00234375 0.00859375
3 0.34453125 0.4609375 0.00234375 0.00703125
3 0.41484375 0.45625 0.00234375 0.0078125
3 0.4265625 0.45546875 0.003125 0.009375