2 0.53984375 0.51015625 0.1203125 0.0625
3 0.159375 0.465625 0.003125 0.0046875
3 0.22109375 0.4859375 0.003125 0.00703125
3 0.2203125 0.42109375 0.0125 0.03671875
3 0.58515625 0.4625 0.00546875 0.0171875
3 0.471875 0.36640625 0.00625 0.01015625
3 0.50625 0.37734375 0.00546875 0.009375
3 0.540625 0.3875 0.0046875 0.00703125
3 0.828125 0.3625 0.00703125 0.0078125
3 0.89765625 0.35078125 0.009375 0.009375
3 0.99765625 0.33203125 0.0046875 0.009375
3 0.9640625 0.48359375 0.00234375 0.00859375
3 0.878125 0.4625 0.003125 0.003125
3 0.896875 0.46171875 0.00234375 0.00390625
3 0.9203125 0.4609375 0.003125 0.00390625
3 0.19375 0.46953125 0.0015625 0.00703125