3 0.87421875 0.42265625 0.00625 0.00703125
3 0.66953125 0.42890625 0.003125 0.01328125
3 0.7109375 0.4765625 0.00390625 0.01171875
3 0.8953125 0.46875 0.00234375 0.00390625
2 0.83828125 0.5078125 0.028125 0.01875
3 0.965625 0.48671875 0.003125 0.0078125
3 0.7734375 0.38046875 0.0078125 0.0265625
3 0.68046875 0.4328125 0.00234375 0.0125
3 0.69296875 0.43671875 0.00234375 0.0078125
3 0.9109375 0.46796875 0.00234375 0.003125
3 0.93046875 0.46796875 0.003125 0.00390625
3 0.91484375 0.41875 0.00625 0.00703125
3 0.96875 0.41328125 0.00703125 0.00703125