3 0.3875 0.44296875 0.01171875 0.02890625
3 0.309375 0.459375 0.003125 0.0078125
3 0.371875 0.4859375 0.003125 0.00859375
2 0.47734375 0.5 0.015625 0.0171875
3 0.44765625 0.4796875 0.003125 0.0125
3 0.4265625 0.45546875 0.003125 0.009375
3 0.81015625 0.409375 0.00625 0.0078125
3 0.8546875 0.4046875 0.00625 0.0078125
3 0.915625 0.39765625 0.00625 0.0078125
3 0.60546875 0.2375 0.01640625 0.04921875
3 0.46171875 0.31328125 0.015625 0.04140625
3 0.3265625 0.4609375 0.003125 0.0078125
3 0.34375 0.4625 0.00234375 0.0078125
3 0.41484375 0.45625 0.00234375 0.0078125