3 0.81015625 0.40859375 0.00625 0.0078125
3 0.31015625 0.45859375 0.00234375 0.00703125
3 0.371875 0.48671875 0.00234375 0.00625
3 0.60625 0.24140625 0.015625 0.05546875
3 0.46171875 0.3140625 0.01484375 0.03828125
3 0.3875 0.4421875 0.01015625 0.028125
3 0.4265625 0.45546875 0.003125 0.00859375
3 0.44765625 0.48046875 0.003125 0.01328125
2 0.47734375 0.5 0.01875 0.01796875
3 0.8546875 0.40390625 0.00625 0.0078125
3 0.91484375 0.396875 0.00625 0.0078125
3 0.32578125 0.46015625 0.00234375 0.00703125
3 0.34375 0.4609375 0.00234375 0.00625
3 0.41484375 0.45625 0.00234375 0.00859375
3 0.4046875 0.45625 0.00234375 0.01015625