2 0.33671875 0.51015625 0.06875 0.04140625
3 0.159375 0.465625 0.0015625 0.003125
3 0.47109375 0.371875 0.00703125 0.02109375
3 0.50546875 0.38203125 0.00703125 0.02109375
3 0.53984375 0.39375 0.00703125 0.021875
3 0.58515625 0.4625 0.00546875 0.01796875
3 0.828125 0.3625 0.00859375 0.01015625
3 0.89765625 0.35078125 0.00859375 0.01171875
3 0.996875 0.33203125 0.00625 0.0109375
3 0.96328125 0.484375 0.003125 0.009375
3 0.878125 0.46328125 0.003125 0.00390625
3 0.2203125 0.48671875 0.00234375 0.00703125
3 0.2203125 0.42265625 0.0125 0.0375
0 0.7015625 0.5015625 0.0109375 0.02578125
2 0.81796875 0.49921875 0.00625 0.01171875
3 0.19296875 0.46875 0.0015625 0.00546875
3 0.896875 0.46171875 0.003125 0.00390625
3 0.92109375 0.4609375 0.003125 0.00390625