0 0.8125 0.5078125 0.02734375 0.06328125
3 0.53515625 0.4578125 0.00703125 0.015625
3 0.39921875 0.33984375 0.00859375 0.01015625
3 0.4421875 0.35546875 0.0078125 0.009375
3 0.48359375 0.37109375 0.00703125 0.00859375
3 0.69609375 0.3625 0.009375 0.02578125
3 0.759375 0.35078125 0.009375 0.028125
3 0.85078125 0.334375 0.01171875 0.03125
3 0.87265625 0.48984375 0.0046875 0.00546875
3 0.8078125 0.47265625 0.0046875 0.0046875
3 0.8234375 0.471875 0.00390625 0.00390625
3 0.84140625 0.471875 0.00625 0.00859375