2 0.7546875 0.728125 0.490625 0.54296875
2 0.828125 0.5015625 0.16015625 0.103125
3 0.94140625 0.3890625 0.00625 0.021875
3 0.70390625 0.434375 0.00546875 0.01640625
3 0.73359375 0.43046875 0.00546875 0.01328125
3 0.77109375 0.43046875 0.00546875 0.015625
2 0.6765625 0.4984375 0.01875 0.02265625
3 0.5921875 0.478125 0.0046875 0.01328125
3 0.56328125 0.42421875 0.00390625 0.01015625
3 0.9671875 0.378125 0.00546875 0.02265625
3 0.571875 0.42734375 0.003125 0.00546875
3 0.58046875 0.43203125 0.003125 0.0046875