2 0.7515625 0.725 0.496875 0.55
3 0.4046875 0.40625 0.003125 0.00546875
3 0.41328125 0.4703125 0.00546875 0.01328125
3 0.66875 0.4703125 0.0046875 0.01484375
3 0.54921875 0.41953125 0.0046875 0.00625
3 0.57890625 0.4203125 0.0046875 0.00703125
3 0.61328125 0.42109375 0.00546875 0.00703125
3 0.490625 0.30859375 0.00859375 0.03359375
3 0.89375 0.434375 0.0125 0.0328125
3 0.72734375 0.4015625 0.00546875 0.0171875
3 0.75546875 0.39140625 0.00625 0.01953125
3 0.79609375 0.375 0.00703125 0.021875
3 0.39140625 0.38515625 0.00390625 0.00546875
3 0.3984375 0.39609375 0.00390625 0.00546875