2 0.7515625 0.72265625 0.496875 0.55390625
0 0.54765625 0.50234375 0.00703125 0.0265625
2 0.55 0.496875 0.0234375 0.01640625
3 0.59140625 0.45 0.003125 0.00703125
3 0.60390625 0.47890625 0.003125 0.00546875
3 0.53984375 0.45859375 0.003125 0.0046875
3 0.56875 0.48359375 0.00390625 0.0078125
3 0.47109375 0.44296875 0.003125 0.009375
3 0.49765625 0.44375 0.003125 0.01015625
3 0.5796875 0.4546875 0.00234375 0.00546875
3 0.584375 0.45234375 0.003125 0.00625
3 0.521875 0.45859375 0.003125 0.0046875
3 0.5078125 0.45859375 0.003125 0.00390625