2 0.7546875 0.72421875 0.490625 0.5515625
2 0.7453125 0.50703125 0.06796875 0.071875
3 0.75234375 0.4375 0.0046875 0.00546875
3 0.78046875 0.43515625 0.00390625 0.0046875
2 0.8359375 0.51171875 0.0828125 0.046875
3 0.8171875 0.43203125 0.0046875 0.00703125
3 0.88359375 0.4734375 0.0046875 0.01484375
3 0.97421875 0.38515625 0.01015625 0.02421875
3 0.61796875 0.4359375 0.003125 0.00546875
3 0.6484375 0.4796875 0.003125 0.0109375
3 0.9578125 0.39765625 0.00703125 0.0171875
3 0.9453125 0.40546875 0.0046875 0.0140625
3 0.6265625 0.43828125 0.00234375 0.00390625