2 0.4578125 0.490625 0.03125 0.021875
2 0.75234375 0.7203125 0.4953125 0.559375
2 0.734375 0.5046875 0.0390625 0.05078125
2 0.81640625 0.51171875 0.05859375 0.04296875
3 0.8078125 0.44140625 0.0046875 0.00546875
3 0.67265625 0.4421875 0.003125 0.00390625
3 0.89375 0.47421875 0.00390625 0.00390625
3 0.91015625 0.47421875 0.003125 0.00390625
3 0.8359375 0.43828125 0.0046875 0.00546875
3 0.8734375 0.43515625 0.00546875 0.00625
3 0.68203125 0.44453125 0.003125 0.00390625
3 0.69296875 0.446875 0.00234375 0.0046875