0 0.2671875 0.55078125 0.07421875 0.29375
0 0.43359375 0.51484375 0.03515625 0.16171875
2 0.7640625 0.50234375 0.01875 0.02109375
0 0.78515625 0.49921875 0.01328125 0.03515625
0 0.125 0.50625 0.00859375 0.01796875
1 0.1 0.48984375 0.01015625 0.0109375
2 0.3578125 0.51171875 0.1328125 0.10859375
2 0.490625 0.51484375 0.03359375 0.0375
2 0.57265625 0.509375 0.03515625 0.03125
2 0.63828125 0.49765625 0.02265625 0.03828125
0 0.80234375 0.50078125 0.009375 0.03671875
1 0.55078125 0.4640625 0.01484375 0.028125
0 0.45078125 0.53671875 0.0203125 0.1015625
0 0.82578125 0.49765625 0.01015625 0.0375