2 0.1015625 0.66640625 0.203125 0.3171875
2 0.5046875 0.496875 0.0171875 0.01953125
1 0.69609375 0.49609375 0.00859375 0.0125
3 0.49921875 0.35390625 0.0078125 0.01171875
3 0.55625 0.35390625 0.0078125 0.01171875
3 0.625 0.35390625 0.00859375 0.0109375
3 0.73828125 0.45078125 0.0078125 0.028125
2 0.14296875 0.52109375 0.06171875 0.0421875
2 0.209375 0.52265625 0.05546875 0.03828125
2 0.45078125 0.46171875 0.00859375 0.009375
2 0.4328125 0.46328125 0.009375 0.009375
1 0.3421875 0.4671875 0.00390625 0.0046875