2 0.77734375 0.5046875 0.04921875 0.01796875
2 0.70703125 0.5015625 0.0453125 0.021875
2 0.64765625 0.503125 0.02578125 0.0125
2 0.61953125 0.50234375 0.0234375 0.01328125
2 0.58671875 0.50625 0.01796875 0.0140625
2 0.52421875 0.50234375 0.0109375 0.0109375
2 0.5375 0.503125 0.01015625 0.01015625
3 0.50703125 0.45703125 0.00234375 0.0078125
2 0.253125 0.71796875 0.50625 0.5640625
3 0.52734375 0.45625 0.00234375 0.00859375
3 0.54453125 0.45625 0.00234375 0.00859375
3 0.609375 0.46015625 0.00234375 0.00625
2 0.659375 0.49921875 0.03046875 0.0171875