2 0.25078125 0.7203125 0.496875 0.55859375
3 0.47578125 0.196875 0.015625 0.059375
3 0.8671875 0.3609375 0.0125 0.02734375
3 0.9171875 0.33984375 0.0140625 0.0328125
3 0.99609375 0.3046875 0.0078125 0.0375
3 0.5890625 0.4140625 0.00390625 0.01640625
2 0.88125 0.50859375 0.10390625 0.0390625
2 0.97890625 0.51328125 0.0421875 0.03671875
3 0.73515625 0.46484375 0.00703125 0.01640625
2 0.5578125 0.503125 0.009375 0.01015625
3 0.26015625 0.38671875 0.0125 0.05703125
3 0.390625 0.3671875 0.00859375 0.02421875
3 0.40546875 0.38125 0.00546875 0.02109375
3 0.4203125 0.396875 0.00546875 0.01875
3 0.4390625 0.465625 0.00546875 0.015625
3 0.62109375 0.18671875 0.015625 0.0625
3 0.74765625 0.1796875 0.01796875 0.06796875
3 0.66484375 0.4125 0.0046875 0.01640625
3 0.6234375 0.4140625 0.0046875 0.01640625
0 0.4671875 0.5015625 0.00625 0.01953125