2 0.2484375 0.7203125 0.49609375 0.553125
2 0.4515625 0.49921875 0.03359375 0.021875
2 0.27734375 0.50390625 0.01484375 0.01015625
2 0.25546875 0.50234375 0.01640625 0.01953125
3 0.3015625 0.45546875 0.00234375 0.00703125
3 0.28359375 0.43203125 0.003125 0.0109375
3 0.3171875 0.43515625 0.003125 0.0109375
3 0.34375 0.43671875 0.00234375 0.01171875
3 0.3734375 0.484375 0.00390625 0.00859375
3 0.44375 0.47734375 0.00234375 0.00703125
3 0.3203125 0.45625 0.00234375 0.00859375
3 0.340625 0.4578125 0.003125 0.00703125