2 0.2515625 0.71796875 0.503125 0.5640625
2 0.5640625 0.51171875 0.03828125 0.0359375
2 0.78828125 0.50546875 0.03671875 0.01328125
2 0.71484375 0.50078125 0.03125 0.0203125
2 0.69296875 0.5015625 0.01953125 0.01953125
2 0.5234375 0.50234375 0.0109375 0.01171875
2 0.540625 0.49921875 0.01171875 0.01171875
3 0.50703125 0.45703125 0.00234375 0.0078125
3 0.5859375 0.4875 0.00234375 0.00703125
3 0.609375 0.4609375 0.0015625 0.00703125
3 0.61640625 0.4828125 0.0015625 0.00859375
3 0.52734375 0.45703125 0.00234375 0.0078125
3 0.54453125 0.45703125 0.0015625 0.00859375
2 0.765625 0.50390625 0.0265625 0.0171875