2 0.8453125 0.62734375 0.30703125 0.36171875
3 0.53203125 0.45625 0.00234375 0.0078125
3 0.63203125 0.4625 0.00234375 0.00546875
2 0.5515625 0.5015625 0.01015625 0.01328125
2 0.565625 0.5 0.00859375 0.01171875
2 0.59296875 0.49921875 0.02421875 0.03125
2 0.6796875 0.50390625 0.02421875 0.01171875
2 0.24921875 0.7234375 0.4984375 0.553125
3 0.49140625 0.4640625 0.0015625 0.00546875
3 0.49296875 0.4640625 0.0015625 0.0046875
3 0.49453125 0.465625 0.0015625 0.0046875
3 0.553125 0.45546875 0.0015625 0.00859375
3 0.57109375 0.45546875 0.00234375 0.00859375
3 0.61796875 0.4875 0.00234375 0.00625
3 0.6421875 0.4609375 0.0015625 0.00390625
3 0.6375 0.46171875 0.0015625 0.00390625