2 0.8453125 0.62734375 0.30703125 0.36171875
3 0.53203125 0.45625 0.00234375 0.00703125
3 0.5625 0.4671875 0.0015625 0.0046875
3 0.57578125 0.46796875 0.00234375 0.0046875
3 0.59140625 0.4671875 0.0015625 0.00390625
2 0.57578125 0.5 0.015625 0.02109375
2 0.55078125 0.5015625 0.01015625 0.0140625
2 0.6796875 0.503125 0.02421875 0.0125
2 0.24765625 0.72109375 0.4953125 0.5578125
3 0.6171875 0.4875 0.003125 0.00625
3 0.553125 0.45546875 0.0015625 0.0078125
3 0.5703125 0.45546875 0.00234375 0.00859375
3 0.6328125 0.4625 0.003125 0.00703125