2 0.8453125 0.62734375 0.30703125 0.36171875
2 0.24765625 0.72265625 0.4953125 0.5546875
2 0.5515625 0.50234375 0.01015625 0.01328125
2 0.59296875 0.49921875 0.02421875 0.03125
2 0.6796875 0.503125 0.02421875 0.0125
3 0.53203125 0.45546875 0.0015625 0.00703125
3 0.6421875 0.4609375 0.00234375 0.00546875
3 0.5625 0.46875 0.0015625 0.00625
3 0.57578125 0.46875 0.0015625 0.00625
3 0.6171875 0.4875 0.003125 0.00625
3 0.63203125 0.46171875 0.0015625 0.00546875
3 0.64765625 0.48359375 0.0015625 0.00859375
3 0.57109375 0.45546875 0.00234375 0.00859375
3 0.553125 0.45546875 0.0015625 0.0078125