2 0.8453125 0.62734375 0.30703125 0.36171875
2 0.25234375 0.7171875 0.5046875 0.565625
2 0.590625 0.50546875 0.01640625 0.01796875
2 0.5515625 0.50234375 0.01015625 0.0125
3 0.61796875 0.4875 0.00234375 0.00703125
3 0.5625 0.46875 0.0015625 0.00625
3 0.57109375 0.45546875 0.00234375 0.00859375
3 0.59140625 0.46796875 0.0015625 0.00625
3 0.57578125 0.46875 0.0015625 0.00625
3 0.53203125 0.45625 0.0015625 0.0078125
3 0.553125 0.45546875 0.0015625 0.00859375
3 0.63203125 0.46171875 0.00234375 0.0078125