2 0.2484375 0.7203125 0.49609375 0.553125
2 0.7796875 0.503125 0.05390625 0.0171875
2 0.71484375 0.5015625 0.02890625 0.0203125
2 0.69296875 0.5015625 0.01640625 0.01875
2 0.6046875 0.49921875 0.0328125 0.01875
2 0.5546875 0.5015625 0.0171875 0.01171875
2 0.5359375 0.5046875 0.01484375 0.0125
2 0.5234375 0.50234375 0.01015625 0.01015625
3 0.50703125 0.45703125 0.00234375 0.0078125
3 0.609375 0.4609375 0.0015625 0.00703125
3 0.61640625 0.4828125 0.0015625 0.0078125
3 0.58671875 0.4859375 0.0015625 0.00390625
3 0.534375 0.46796875 0.0015625 0.00546875
3 0.54609375 0.46953125 0.0015625 0.00546875
3 0.56171875 0.46875 0.0015625 0.00546875
3 0.52734375 0.45703125 0.00234375 0.0078125
3 0.54453125 0.45625 0.0015625 0.00859375