2 0.2484375 0.7203125 0.496875 0.553125
3 0.52890625 0.453125 0.00234375 0.0078125
2 0.68515625 0.503125 0.02734375 0.0140625
2 0.6078125 0.51875 0.0625 0.05390625
2 0.5953125 0.49375 0.02734375 0.02265625
2 0.56484375 0.49921875 0.009375 0.0125
2 0.55 0.50078125 0.0109375 0.01484375
3 0.56171875 0.46796875 0.0015625 0.0046875
3 0.575 0.4671875 0.0015625 0.00625
3 0.59140625 0.46796875 0.00234375 0.00703125
3 0.61875 0.4875 0.00234375 0.0046875
3 0.55234375 0.453125 0.00234375 0.0078125
3 0.5703125 0.45234375 0.00234375 0.00859375