2 0.25 0.71953125 0.49453125 0.553125
2 0.5234375 0.50234375 0.009375 0.0109375
2 0.53984375 0.50078125 0.00859375 0.00703125
2 0.5875 0.50546875 0.0171875 0.015625
2 0.6203125 0.503125 0.025 0.01171875
2 0.64765625 0.50390625 0.025 0.0109375
2 0.7140625 0.50078125 0.03046875 0.0203125
2 0.77890625 0.5046875 0.053125 0.01640625
3 0.5078125 0.45703125 0.00234375 0.0078125
3 0.534375 0.46875 0.0015625 0.0046875
3 0.546875 0.46953125 0.0015625 0.0046875
3 0.56171875 0.46875 0.0015625 0.00546875
3 0.58671875 0.48671875 0.00234375 0.00546875
3 0.609375 0.4609375 0.0015625 0.00703125
3 0.61640625 0.4828125 0.00234375 0.0078125
2 0.65859375 0.49921875 0.03046875 0.0171875
2 0.69296875 0.50234375 0.01640625 0.01796875
3 0.528125 0.45703125 0.00234375 0.0078125
3 0.54453125 0.45625 0.0015625 0.00859375