2 0.2484375 0.7203125 0.496875 0.553125
3 0.5265625 0.44375 0.003125 0.01015625
3 0.5640625 0.46171875 0.00234375 0.00703125
2 0.56640625 0.49921875 0.00859375 0.01328125
2 0.55078125 0.50078125 0.0125 0.01640625
2 0.596875 0.51484375 0.0515625 0.0453125
2 0.609375 0.496875 0.0359375 0.0359375
2 0.71015625 0.50390625 0.0359375 0.0171875
3 0.59765625 0.4625 0.00234375 0.00625
3 0.5796875 0.46171875 0.00234375 0.00625
3 0.55390625 0.44296875 0.00234375 0.01015625
3 0.5765625 0.4421875 0.00234375 0.01015625