2 0.82578125 0.63984375 0.34765625 0.36796875
2 0.2484375 0.721875 0.496875 0.55625
2 0.5234375 0.50234375 0.009375 0.0109375
2 0.52890625 0.5 0.0078125 0.01171875
2 0.53671875 0.5015625 0.00625 0.0078125
3 0.50703125 0.45703125 0.00234375 0.0078125
3 0.609375 0.4609375 0.0015625 0.00625
3 0.61640625 0.48359375 0.00234375 0.01015625
3 0.56171875 0.46875 0.0015625 0.00546875
3 0.5859375 0.4859375 0.00234375 0.00546875
3 0.528125 0.45703125 0.00234375 0.0078125
3 0.54453125 0.45625 0.0015625 0.00859375