2 0.2484375 0.725 0.496875 0.55
3 0.359375 0.41640625 0.00390625 0.015625
3 0.39921875 0.41796875 0.00625 0.0171875
3 0.43125 0.421875 0.00546875 0.01953125
3 0.40078125 0.45078125 0.00234375 0.0078125
3 0.4203125 0.4515625 0.00234375 0.00859375
3 0.4421875 0.4515625 0.00234375 0.00859375
3 0.478125 0.48046875 0.00390625 0.00859375
0 0.49609375 0.5015625 0.00625 0.0203125
3 0.5109375 0.44453125 0.00390625 0.01015625
3 0.5203125 0.44140625 0.003125 0.01015625
3 0.5328125 0.4375 0.003125 0.01015625
3 0.55625 0.47265625 0.003125 0.0125
2 0.56796875 0.4984375 0.03984375 0.028125
2 0.39921875 0.503125 0.0140625 0.01328125
2 0.35625 0.503125 0.01484375 0.01953125
2 0.3421875 0.50078125 0.0078125 0.01015625
3 0.31171875 0.47890625 0.00234375 0.009375
3 0.2890625 0.46640625 0.0015625 0.01640625