2 0.8453125 0.62734375 0.30703125 0.3625
2 0.24921875 0.72265625 0.4984375 0.5546875
2 0.6796875 0.503125 0.0234375 0.0125
2 0.5828125 0.5 0.01953125 0.025
2 0.5515625 0.5015625 0.01015625 0.0140625
3 0.53203125 0.45625 0.00234375 0.00859375
3 0.553125 0.45546875 0.00234375 0.009375
3 0.5703125 0.4546875 0.00234375 0.00859375
3 0.5625 0.46796875 0.00234375 0.00546875
3 0.57578125 0.46796875 0.00234375 0.00703125
3 0.59140625 0.4671875 0.00234375 0.0046875
3 0.61640625 0.48671875 0.003125 0.01015625