2 0.2484375 0.72265625 0.496875 0.5546875
2 0.978125 0.50703125 0.04296875 0.02890625
2 0.87734375 0.50078125 0.0515625 0.03828125
2 0.8296875 0.50234375 0.04296875 0.03125
2 0.71875 0.5046875 0.0375 0.01640625
2 0.75546875 0.496875 0.0453125 0.02890625
2 0.6796875 0.50390625 0.034375 0.01640625
2 0.646875 0.50703125 0.03125 0.02578125
2 0.53828125 0.50234375 0.00859375 0.00859375
2 0.54921875 0.5015625 0.00703125 0.00859375
3 0.52265625 0.43671875 0.003125 0.0109375
3 0.56015625 0.45859375 0.00234375 0.0078125
3 0.62890625 0.48359375 0.003125 0.00546875
3 0.6703125 0.4421875 0.00234375 0.00859375
3 0.5765625 0.4578125 0.00234375 0.00703125
3 0.59609375 0.45859375 0.00234375 0.00625
3 0.55234375 0.4359375 0.003125 0.01171875
3 0.578125 0.43515625 0.003125 0.01171875
3 0.66171875 0.446875 0.003125 0.0078125
3 0.65546875 0.45 0.00234375 0.009375