2 0.24921875 0.7203125 0.4984375 0.553125
3 0.50703125 0.45703125 0.0015625 0.0078125
3 0.609375 0.46015625 0.0015625 0.00625
3 0.61640625 0.4828125 0.0015625 0.0078125
3 0.5859375 0.4859375 0.003125 0.00546875
2 0.559375 0.5 0.01875 0.01796875
2 0.5390625 0.5046875 0.0171875 0.01796875
2 0.5234375 0.50234375 0.009375 0.01015625
2 0.69375 0.50234375 0.01875 0.01875
2 0.7140625 0.5015625 0.0296875 0.02109375
2 0.77890625 0.5046875 0.05234375 0.01640625
3 0.52734375 0.45703125 0.00234375 0.00703125
3 0.54453125 0.45625 0.0015625 0.00859375