2 0.24765625 0.7203125 0.4953125 0.553125
2 0.9671875 0.50234375 0.06484375 0.04921875
2 0.85625 0.49921875 0.075 0.03359375
2 0.7703125 0.503125 0.0484375 0.02578125
2 0.72265625 0.5046875 0.02734375 0.0203125
2 0.6953125 0.5109375 0.0515625 0.034375
3 0.71015625 0.4265625 0.0046875 0.01484375
3 0.5171875 0.4140625 0.00390625 0.015625
3 0.58515625 0.45 0.003125 0.00859375
3 0.7390625 0.46640625 0.00390625 0.01640625
3 0.6484375 0.4796875 0.00390625 0.009375
2 0.5375 0.50390625 0.00859375 0.00859375
2 0.55 0.50234375 0.0078125 0.009375
3 0.55859375 0.41328125 0.00390625 0.01640625
3 0.59296875 0.4125 0.00390625 0.0171875
3 0.6078125 0.45 0.003125 0.009375
3 0.56484375 0.45 0.00234375 0.009375
3 0.696875 0.43125 0.0046875 0.01171875
3 0.6875 0.4359375 0.0046875 0.0109375