2 0.24921875 0.7203125 0.4984375 0.553125
2 0.7796875 0.50390625 0.053125 0.0171875
2 0.71484375 0.5015625 0.02890625 0.02109375
2 0.69375 0.5015625 0.01875 0.01875
2 0.64765625 0.50234375 0.0234375 0.01171875
2 0.6609375 0.5 0.02734375 0.01796875
2 0.6203125 0.5015625 0.025 0.0125
2 0.5234375 0.503125 0.009375 0.009375
3 0.50703125 0.45703125 0.00234375 0.0078125
3 0.609375 0.46015625 0.0015625 0.00625
3 0.61640625 0.4828125 0.0015625 0.0078125
3 0.534375 0.46796875 0.00234375 0.00546875
3 0.54609375 0.46953125 0.00234375 0.0046875
3 0.56171875 0.46796875 0.00234375 0.0046875
3 0.5859375 0.4875 0.0015625 0.00546875
3 0.52734375 0.45703125 0.0015625 0.0078125
3 0.54453125 0.45625 0.0015625 0.0078125