2 0.8453125 0.62734375 0.30703125 0.36171875
2 0.24765625 0.72109375 0.4953125 0.5578125
2 0.67890625 0.50390625 0.02421875 0.0125
2 0.59296875 0.5 0.02421875 0.03125
2 0.5515625 0.50234375 0.01015625 0.0125
3 0.53203125 0.45625 0.0015625 0.00703125
3 0.5625 0.46796875 0.0015625 0.00546875
3 0.6171875 0.48671875 0.003125 0.00546875
3 0.57578125 0.46875 0.0015625 0.00546875
3 0.590625 0.46875 0.00078125 0.00703125
3 0.553125 0.45546875 0.0015625 0.00859375
3 0.5703125 0.4546875 0.00234375 0.00859375