2 0.2484375 0.7234375 0.496875 0.55234375
2 0.58359375 0.51015625 0.0390625 0.03828125
2 0.59921875 0.49921875 0.01640625 0.02265625
2 0.55234375 0.50078125 0.0140625 0.0171875
2 0.5265625 0.49609375 0.03046875 0.01796875
3 0.303125 0.3203125 0.01328125 0.03359375
3 0.3375 0.34609375 0.0109375 0.02890625
3 0.36640625 0.36796875 0.00859375 0.025
3 0.39921875 0.4578125 0.00390625 0.01875
3 0.6109375 0.3953125 0.00546875 0.01953125
3 0.653125 0.39453125 0.00546875 0.0203125
3 0.7046875 0.39375 0.00703125 0.02109375
3 0.7921875 0.45625 0.009375 0.0234375
2 0.47734375 0.503125 0.0171875 0.0109375