2 0.8453125 0.62734375 0.30703125 0.36171875
2 0.24921875 0.72421875 0.4984375 0.5515625
2 0.6734375 0.503125 0.02578125 0.0140625
2 0.60546875 0.50625 0.02421875 0.0234375
2 0.5515625 0.50234375 0.01015625 0.01328125
3 0.53203125 0.45625 0.0015625 0.00625
3 0.5625 0.46796875 0.00234375 0.00625
3 0.6171875 0.4875 0.003125 0.00703125
3 0.57578125 0.46953125 0.0015625 0.00625
3 0.590625 0.46875 0.0015625 0.00625
3 0.553125 0.45546875 0.0015625 0.0078125
3 0.57109375 0.45546875 0.00234375 0.00859375