2 0.8453125 0.62734375 0.30703125 0.36171875
2 0.2484375 0.7171875 0.496875 0.565625
2 0.6796875 0.50390625 0.02421875 0.0125
2 0.5515625 0.503125 0.01015625 0.01171875
2 0.56171875 0.50078125 0.009375 0.0140625
3 0.590625 0.46875 0.0015625 0.0078125
3 0.53203125 0.45546875 0.00234375 0.0078125
3 0.61640625 0.48671875 0.00234375 0.00546875
3 0.6421875 0.459375 0.00234375 0.0046875
3 0.57578125 0.46796875 0.0015625 0.0078125
3 0.5625 0.46796875 0.0015625 0.00625
3 0.6328125 0.4625 0.00234375 0.00703125
3 0.553125 0.45546875 0.0015625 0.00859375
3 0.57109375 0.45546875 0.00234375 0.00859375