2 0.24921875 0.7203125 0.4984375 0.553125
2 0.778125 0.50390625 0.0515625 0.01875
2 0.71328125 0.5015625 0.03203125 0.021875
2 0.69375 0.50234375 0.01953125 0.01953125
2 0.64765625 0.503125 0.02421875 0.0109375
2 0.659375 0.5 0.0296875 0.01875
2 0.62109375 0.5015625 0.02578125 0.01328125
2 0.58671875 0.50546875 0.0171875 0.01484375
2 0.5234375 0.503125 0.009375 0.009375
3 0.50703125 0.45703125 0.0015625 0.00703125
3 0.61640625 0.48203125 0.0015625 0.00625
3 0.609375 0.46015625 0.0015625 0.00625
3 0.546875 0.46875 0.0015625 0.00546875
3 0.56171875 0.46875 0.0015625 0.00625
3 0.58671875 0.48671875 0.00234375 0.00625
3 0.534375 0.46875 0.0015625 0.0046875
3 0.52734375 0.45703125 0.00234375 0.0078125
3 0.54453125 0.45625 0.0015625 0.0078125