2 0.24921875 0.7203125 0.4984375 0.553125
2 0.77734375 0.50390625 0.04921875 0.0171875
2 0.71484375 0.5015625 0.028125 0.02109375
2 0.69375 0.5015625 0.01796875 0.01953125
2 0.64765625 0.503125 0.025 0.0109375
2 0.66015625 0.5 0.034375 0.01875
2 0.62109375 0.503125 0.0265625 0.01171875
2 0.5234375 0.50234375 0.009375 0.01171875
3 0.50703125 0.45703125 0.0015625 0.00703125
3 0.609375 0.4609375 0.0015625 0.00703125
3 0.61640625 0.4828125 0.0015625 0.00703125
3 0.534375 0.4671875 0.00234375 0.00390625
3 0.546875 0.46796875 0.00234375 0.00625
3 0.56171875 0.46875 0.00234375 0.00625
3 0.5859375 0.4875 0.00234375 0.00546875
3 0.52734375 0.45703125 0.0015625 0.0078125
3 0.54453125 0.45625 0.00234375 0.00859375