2 0.2484375 0.7203125 0.496875 0.553125
3 0.64765625 0.42265625 0.0046875 0.0140625
3 0.72890625 0.45546875 0.00703125 0.02421875
3 0.50390625 0.4390625 0.0046875 0.01328125
3 0.6015625 0.47578125 0.00390625 0.01171875
3 0.43046875 0.3828125 0.00546875 0.021875
3 0.4859375 0.3828125 0.0046875 0.02265625
3 0.53125 0.384375 0.00703125 0.02265625
3 0.3828125 0.415625 0.00390625 0.01640625
3 0.403125 0.4734375 0.00390625 0.0171875
2 0.4546875 0.503125 0.01875 0.02421875
2 0.51875 0.50546875 0.01953125 0.021875
2 0.73125 0.49921875 0.06484375 0.03515625
0 0.615625 0.503125 0.00625 0.02734375
3 0.38828125 0.42109375 0.003125 0.0140625
3 0.39453125 0.428125 0.003125 0.01171875
3 0.52734375 0.43984375 0.00390625 0.01171875
3 0.55546875 0.43984375 0.00390625 0.01171875
3 0.66328125 0.41640625 0.00390625 0.01484375
3 0.68515625 0.40703125 0.0046875 0.015625