2 0.77890625 0.503125 0.05234375 0.01875
2 0.7140625 0.50078125 0.02890625 0.021875
2 0.58671875 0.5046875 0.0171875 0.015625
2 0.5234375 0.50234375 0.01015625 0.01171875
2 0.54140625 0.503125 0.0109375 0.01171875
2 0.64765625 0.50234375 0.02578125 0.01484375
2 0.621875 0.50234375 0.021875 0.0125
2 0.25 0.7203125 0.5 0.559375
3 0.50703125 0.45703125 0.0015625 0.0078125
3 0.5859375 0.4875 0.00234375 0.00625
3 0.609375 0.4609375 0.0015625 0.00703125
3 0.61640625 0.48203125 0.0015625 0.00625
3 0.534375 0.46796875 0.0015625 0.00546875
3 0.546875 0.46953125 0.0015625 0.00546875
3 0.56171875 0.46796875 0.0015625 0.00546875
3 0.52734375 0.45703125 0.00234375 0.0078125
3 0.54453125 0.45625 0.0015625 0.0078125
2 0.6609375 0.49921875 0.02578125 0.01796875
2 0.69296875 0.50234375 0.01640625 0.01875