2 0.8453125 0.62734375 0.30703125 0.36171875
2 0.24921875 0.72109375 0.4984375 0.5578125
2 0.590625 0.5046875 0.0171875 0.01953125
2 0.5515625 0.50234375 0.0109375 0.01328125
3 0.53203125 0.45625 0.0015625 0.0078125
3 0.6171875 0.48671875 0.00234375 0.00546875
3 0.5625 0.46796875 0.0015625 0.00625
3 0.57578125 0.46875 0.0015625 0.00625
3 0.590625 0.46796875 0.0015625 0.00625
3 0.553125 0.45546875 0.0015625 0.00859375
3 0.5703125 0.45546875 0.00234375 0.00859375
3 0.6421875 0.459375 0.00234375 0.00625
3 0.63203125 0.46171875 0.00234375 0.0078125