2 0.2515625 0.72109375 0.503125 0.5578125
2 0.58671875 0.50546875 0.0171875 0.015625
2 0.69375 0.50234375 0.01796875 0.01796875
2 0.77890625 0.50390625 0.053125 0.0171875
2 0.6484375 0.503125 0.02265625 0.01171875
2 0.65859375 0.49921875 0.03046875 0.01796875
2 0.62109375 0.503125 0.02578125 0.0125
2 0.5234375 0.503125 0.01015625 0.009375
3 0.50703125 0.45703125 0.0015625 0.0078125
3 0.61640625 0.4828125 0.0015625 0.00703125
3 0.609375 0.46015625 0.0015625 0.0078125
3 0.58671875 0.48671875 0.00234375 0.0046875
3 0.534375 0.46796875 0.0015625 0.0046875
3 0.546875 0.46796875 0.0015625 0.0046875
3 0.56171875 0.46875 0.0015625 0.0046875
2 0.5390625 0.50234375 0.00703125 0.0078125
3 0.52734375 0.45703125 0.00234375 0.00859375
3 0.54453125 0.45625 0.0015625 0.00859375
2 0.71484375 0.5015625 0.02890625 0.021875