2 0.58671875 0.5046875 0.0171875 0.01484375
3 0.50703125 0.45703125 0.0015625 0.00703125
2 0.2484375 0.72109375 0.496875 0.5578125
2 0.778125 0.50390625 0.0515625 0.01796875
2 0.7140625 0.5015625 0.0296875 0.02109375
2 0.69375 0.50234375 0.01796875 0.01953125
2 0.6484375 0.50390625 0.02265625 0.01171875
2 0.659375 0.49921875 0.03046875 0.01796875
2 0.6203125 0.50234375 0.0265625 0.0140625
2 0.515625 0.50390625 0.009375 0.009375
3 0.5859375 0.4859375 0.00234375 0.00546875
3 0.609375 0.4609375 0.0015625 0.00703125
3 0.61640625 0.4828125 0.0015625 0.00625
3 0.534375 0.46875 0.0015625 0.0046875
3 0.546875 0.46953125 0.0015625 0.0046875
3 0.56171875 0.46875 0.0015625 0.00546875
3 0.52734375 0.45703125 0.00234375 0.0078125
3 0.54453125 0.45625 0.0015625 0.00859375