2 0.8453125 0.62734375 0.30703125 0.36171875
2 0.24765625 0.71796875 0.4953125 0.5640625
2 0.6796875 0.503125 0.02421875 0.0125
2 0.5890625 0.5 0.02265625 0.02890625
2 0.5515625 0.5015625 0.01015625 0.0140625
3 0.53203125 0.45546875 0.0015625 0.0078125
3 0.5625 0.4671875 0.0015625 0.0046875
3 0.6171875 0.4875 0.003125 0.00625
3 0.590625 0.4671875 0.0015625 0.00390625
3 0.57578125 0.4671875 0.0015625 0.0046875
3 0.553125 0.45546875 0.0015625 0.00859375
3 0.57109375 0.45546875 0.00234375 0.00859375