2 0.81953125 0.59609375 0.359375 0.24921875
2 0.25 0.7203125 0.49921875 0.559375
0 0.371875 0.503125 0.01328125 0.04140625
2 0.58515625 0.5046875 0.015625 0.015625
2 0.5515625 0.5015625 0.01171875 0.01328125
3 0.62578125 0.4640625 0.0015625 0.00546875
3 0.62890625 0.4640625 0.0015625 0.0046875
3 0.63203125 0.4625 0.00234375 0.0078125
3 0.5328125 0.45859375 0.00234375 0.00703125
3 0.55234375 0.45859375 0.0015625 0.00703125
3 0.56875 0.4578125 0.00234375 0.0078125
3 0.61171875 0.4875 0.003125 0.00703125