2 0.24921875 0.7203125 0.4984375 0.553125
2 0.7796875 0.50390625 0.05234375 0.0171875
2 0.7140625 0.5015625 0.02890625 0.02109375
2 0.69296875 0.50234375 0.0171875 0.01875
2 0.64453125 0.503125 0.02421875 0.01015625
2 0.659375 0.49921875 0.03046875 0.01796875
2 0.6203125 0.503125 0.021875 0.01171875
2 0.5234375 0.50234375 0.009375 0.0109375
3 0.50703125 0.45703125 0.0015625 0.00703125
3 0.58671875 0.4859375 0.00234375 0.00546875
3 0.60546875 0.46171875 0.00234375 0.00625
3 0.61640625 0.4828125 0.0015625 0.0078125
3 0.534375 0.46875 0.0015625 0.0046875
3 0.546875 0.46875 0.0015625 0.0046875
3 0.56171875 0.46875 0.0015625 0.0046875
3 0.52734375 0.45703125 0.00234375 0.00703125
3 0.54453125 0.45625 0.0015625 0.00859375
3 0.609375 0.46015625 0.0015625 0.00625