2 0.24921875 0.7203125 0.4984375 0.553125
2 0.71484375 0.5015625 0.02890625 0.02109375
2 0.7796875 0.50390625 0.053125 0.01796875
2 0.69296875 0.5015625 0.0171875 0.0203125
2 0.64765625 0.50390625 0.02421875 0.01171875
2 0.659375 0.49921875 0.03046875 0.01796875
2 0.62109375 0.5015625 0.025 0.0125
2 0.58671875 0.5046875 0.0171875 0.015625
3 0.5859375 0.48671875 0.003125 0.00625
2 0.5234375 0.503125 0.009375 0.009375
3 0.50703125 0.45703125 0.00234375 0.0078125
3 0.61640625 0.48203125 0.0015625 0.00625
3 0.609375 0.4609375 0.0015625 0.00625
3 0.52734375 0.45703125 0.00234375 0.0078125
3 0.54453125 0.45625 0.0015625 0.00859375