2 0.24765625 0.72265625 0.4953125 0.5546875
2 0.92421875 0.47734375 0.1515625 0.2578125
2 0.55234375 0.5015625 0.015625 0.01796875
2 0.5546875 0.496875 0.0296875 0.015625
2 0.5859375 0.51171875 0.04140625 0.03828125
3 0.5890625 0.4265625 0.003125 0.0140625
3 0.61796875 0.4265625 0.00390625 0.0140625
3 0.65390625 0.42578125 0.00390625 0.0140625
3 0.71328125 0.46953125 0.0046875 0.0140625
3 0.50546875 0.31328125 0.00859375 0.034375
3 0.59453125 0.309375 0.00859375 0.03828125
3 0.671875 0.30546875 0.0109375 0.03828125
3 0.803125 0.38984375 0.00859375 0.02109375
3 0.83359375 0.37734375 0.01015625 0.02421875
3 0.88125 0.3578125 0.0109375 0.02734375
3 0.3703125 0.4296875 0.00703125 0.034375
3 0.403125 0.396875 0.00703125 0.01953125
3 0.41484375 0.40546875 0.00546875 0.01796875
3 0.4265625 0.415625 0.00625 0.0171875
3 0.4421875 0.4703125 0.00390625 0.01328125