2 0.8453125 0.62734375 0.30703125 0.36015625
2 0.2484375 0.71953125 0.49609375 0.5609375
2 0.6796875 0.50390625 0.02421875 0.0125
2 0.59296875 0.49921875 0.02421875 0.03203125
2 0.5515625 0.5015625 0.009375 0.0140625
3 0.53203125 0.45625 0.0015625 0.00859375
3 0.59140625 0.46875 0.00078125 0.0078125
3 0.61640625 0.4875 0.00234375 0.00859375
3 0.5625 0.46796875 0.0015625 0.00625
3 0.57578125 0.46796875 0.0015625 0.0078125
3 0.553125 0.45546875 0.0015625 0.00859375
3 0.57109375 0.4546875 0.00234375 0.00859375
3 0.6328125 0.46171875 0.00234375 0.00703125