3 0.50703125 0.36484375 0.00625 0.02578125
3 0.7421875 0.4125 0.0078125 0.015625
3 0.5734375 0.43671875 0.00234375 0.0109375
3 0.67890625 0.47421875 0.0046875 0.01328125
3 0.85234375 0.446875 0.01015625 0.02578125
2 0.7671875 0.50546875 0.06015625 0.0265625
2 0.8234375 0.5203125 0.1265625 0.06484375
2 0.55234375 0.503125 0.00859375 0.009375
2 0.2484375 0.72265625 0.49609375 0.5546875
2 0.5359375 0.50234375 0.00859375 0.009375
3 0.4078125 0.44765625 0.0046875 0.0265625
3 0.46328125 0.475 0.00390625 0.01328125
3 0.45234375 0.42734375 0.00390625 0.0140625
3 0.4453125 0.4203125 0.003125 0.0140625
3 0.4390625 0.41484375 0.003125 0.015625
3 0.628125 0.43515625 0.003125 0.01171875
3 0.5984375 0.4359375 0.003125 0.01171875
3 0.57109375 0.3640625 0.00625 0.0265625
3 0.62578125 0.36171875 0.00625 0.02734375
3 0.76171875 0.40390625 0.0078125 0.01796875
3 0.790625 0.3921875 0.0078125 0.01953125