3 0.52421875 0.4265625 0.003125 0.01328125
2 0.2484375 0.71796875 0.496875 0.5640625
2 0.7515625 0.50390625 0.046875 0.01875
2 0.64140625 0.4984375 0.05625 0.05859375
2 0.59296875 0.5140625 0.0484375 0.04296875
2 0.5515625 0.50078125 0.0140625 0.01875
2 0.56875 0.49765625 0.01015625 0.0140625
3 0.715625 0.47109375 0.003125 0.0125
3 0.6765625 0.4421875 0.003125 0.0109375
3 0.6859375 0.43828125 0.00234375 0.01015625
3 0.69609375 0.434375 0.003125 0.01171875
3 0.56953125 0.45390625 0.00234375 0.00625
3 0.559375 0.42578125 0.00390625 0.01328125
3 0.58828125 0.425 0.00390625 0.01328125
3 0.5875 0.45390625 0.00234375 0.0078125
3 0.609375 0.4546875 0.00234375 0.00703125