2 0.2453125 0.71953125 0.490625 0.55390625
3 0.46875 0.27578125 0.01171875 0.0421875
3 0.57578125 0.26796875 0.0109375 0.04609375
3 0.6703125 0.2609375 0.01171875 0.05
3 0.9734375 0.315625 0.015625 0.03515625
3 0.85625 0.3671875 0.01015625 0.02421875
3 0.9 0.3484375 0.01171875 0.02890625
3 0.74296875 0.465625 0.0046875 0.01640625
3 0.6734375 0.4140625 0.00390625 0.015625
3 0.63203125 0.41640625 0.0046875 0.015625
3 0.5984375 0.41640625 0.0046875 0.0140625
3 0.421875 0.3765625 0.00703125 0.0234375
3 0.434375 0.3890625 0.00703125 0.0203125
3 0.446875 0.4015625 0.00625 0.0203125
3 0.46328125 0.46640625 0.00546875 0.015625
2 0.53046875 0.5015625 0.0234375 0.0328125
2 0.575 0.51015625 0.075 0.03828125
0 0.75390625 0.503125 0.01015625 0.03359375
3 0.31015625 0.415625 0.009375 0.03984375
2 0.9625 0.49765625 0.075 0.0640625