2 0.7140625 0.5015625 0.0296875 0.02109375
2 0.7796875 0.503125 0.0515625 0.01640625
2 0.659375 0.50078125 0.03359375 0.01796875
2 0.2484375 0.7203125 0.496875 0.55859375
2 0.60546875 0.503125 0.02109375 0.0125
2 0.6265625 0.50234375 0.0140625 0.01328125
2 0.64765625 0.503125 0.0234375 0.01171875
2 0.5234375 0.50234375 0.009375 0.0109375
3 0.609375 0.4609375 0.0015625 0.00625
3 0.6171875 0.48359375 0.00234375 0.00625
3 0.5484375 0.46875 0.0015625 0.00625
3 0.56171875 0.46875 0.0015625 0.00625
3 0.534375 0.46875 0.0015625 0.00625
3 0.58671875 0.4875 0.00234375 0.00546875
3 0.50703125 0.45625 0.0015625 0.00625
3 0.52734375 0.45703125 0.0015625 0.00703125
3 0.54453125 0.45703125 0.0015625 0.00703125
2 0.69296875 0.50234375 0.01640625 0.01875