2 0.8453125 0.6265625 0.30703125 0.36171875
2 0.24765625 0.725 0.4953125 0.55
2 0.6796875 0.50390625 0.02421875 0.01328125
2 0.56953125 0.5 0.01484375 0.01796875
2 0.55078125 0.50234375 0.01015625 0.01328125
3 0.53203125 0.45546875 0.0015625 0.00703125
3 0.6171875 0.4875 0.003125 0.0078125
3 0.5625 0.46640625 0.0015625 0.0046875
3 0.57578125 0.46796875 0.0015625 0.0046875
3 0.59140625 0.46640625 0.00234375 0.00390625
3 0.553125 0.45546875 0.0015625 0.0078125
3 0.57109375 0.45546875 0.00234375 0.00859375
3 0.6328125 0.4625 0.00234375 0.00703125
3 0.6421875 0.46015625 0.00234375 0.00546875