2 0.8453125 0.62734375 0.30703125 0.36171875
2 0.24921875 0.72265625 0.4984375 0.55390625
2 0.6796875 0.50234375 0.0234375 0.0140625
2 0.5921875 0.5 0.02421875 0.0296875
2 0.5515625 0.5015625 0.01015625 0.01328125
3 0.53203125 0.45625 0.00234375 0.00859375
3 0.6171875 0.48671875 0.00234375 0.0046875
3 0.59140625 0.46796875 0.0015625 0.00546875
3 0.57578125 0.4671875 0.0015625 0.00546875
3 0.5625 0.4671875 0.0015625 0.00546875
3 0.553125 0.45546875 0.0015625 0.00859375
3 0.57109375 0.45546875 0.00234375 0.009375
3 0.63203125 0.4625 0.00234375 0.00703125
3 0.6421875 0.46015625 0.00234375 0.00546875