2 0.7125 0.546875 0.19921875 0.12734375
2 0.25078125 0.7203125 0.50078125 0.559375
2 0.59296875 0.49921875 0.02578125 0.03046875
2 0.56640625 0.5 0.00859375 0.01171875
2 0.5515625 0.50234375 0.009375 0.01171875
3 0.53203125 0.45625 0.00234375 0.0078125
3 0.6171875 0.48671875 0.003125 0.00546875
3 0.5625 0.46796875 0.00234375 0.00625
3 0.57578125 0.46875 0.0015625 0.00625
3 0.59140625 0.46796875 0.0015625 0.00625
3 0.553125 0.45546875 0.0015625 0.0078125
3 0.57109375 0.45546875 0.00234375 0.00859375
3 0.63203125 0.46171875 0.00234375 0.00546875
3 0.6421875 0.46015625 0.0015625 0.0046875