2 0.39296875 0.503125 0.03359375 0.03125
3 0.078125 0.3515625 0.0171875 0.03125
3 0.14921875 0.37890625 0.0125 0.025
3 0.20625 0.4 0.009375 0.01875
3 0.26796875 0.47265625 0.00625 0.01640625
3 0.41328125 0.42578125 0.00390625 0.0140625
3 0.5421875 0.47421875 0.003125 0.01484375
3 0.675 0.24921875 0.0234375 0.0703125
3 0.58828125 0.36171875 0.01015625 0.0296875
3 0.61640625 0.3265625 0.0125 0.0359375
0 0.14375 0.50703125 0.0109375 0.034375
3 0.4453125 0.42578125 0.003125 0.01484375
3 0.4828125 0.42734375 0.003125 0.0140625