0 0.0578125 0.50703125 0.015625 0.034375
3 0.67578125 0.2515625 0.01953125 0.05625
3 0.58828125 0.3609375 0.01015625 0.02890625
3 0.61640625 0.3265625 0.0125 0.0375
3 0.4140625 0.42578125 0.00390625 0.0140625
3 0.5421875 0.47421875 0.00390625 0.0140625
3 0.078125 0.35234375 0.01640625 0.03046875
3 0.14921875 0.37890625 0.01328125 0.02421875
3 0.20625 0.39921875 0.009375 0.01953125
3 0.26796875 0.47265625 0.00625 0.015625
2 0.475 0.503125 0.00703125 0.0078125
2 0.4859375 0.50234375 0.00703125 0.0078125
2 0.4453125 0.5 0.01640625 0.01015625
3 0.4453125 0.4265625 0.003125 0.0140625
3 0.4828125 0.42734375 0.003125 0.01328125