3 0.2484375 0.3515625 0.0109375 0.0296875
3 0.128125 0.446875 0.01015625 0.02890625
2 0.11328125 0.51875 0.0890625 0.0328125
0 0.325 0.50546875 0.0078125 0.02265625
3 0.621875 0.4453125 0.009375 0.03203125
3 0.4515625 0.44765625 0.00234375 0.0109375
3 0.5421875 0.48125 0.0046875 0.009375
2 0.4875 0.50390625 0.00703125 0.00859375
3 0.28671875 0.4203125 0.00703125 0.01484375
3 0.3078125 0.42578125 0.00234375 0.00859375
3 0.3265625 0.4359375 0.00234375 0.009375
3 0.35234375 0.48046875 0.00234375 0.01171875
3 0.32421875 0.3515625 0.009375 0.03046875
3 0.3875 0.3515625 0.0078125 0.03203125
3 0.4734375 0.44765625 0.003125 0.0109375
3 0.49921875 0.4484375 0.003125 0.01171875