2 0.33203125 0.52578125 0.08203125 0.053125
3 0.8828125 0.3609375 0.03828125 0.08515625
3 0.61640625 0.3828125 0.00859375 0.02421875
3 0.6390625 0.35859375 0.01015625 0.02890625
3 0.684375 0.31328125 0.01484375 0.0390625
3 0.44453125 0.4328125 0.00390625 0.01328125
3 0.471875 0.4328125 0.003125 0.01328125
3 0.50546875 0.4328125 0.00390625 0.01328125
3 0.5609375 0.47578125 0.003125 0.01328125
3 0.1765625 0.3796875 0.01171875 0.025
3 0.225 0.39765625 0.01015625 0.01875
3 0.2671875 0.41328125 0.00859375 0.01875
3 0.31484375 0.475 0.00546875 0.01484375
2 0.49453125 0.503125 0.0078125 0.00859375
2 0.3734375 0.50234375 0.02109375 0.01171875
2 0.30625 0.5078125 0.02734375 0.015625
2 0.2828125 0.50390625 0.03359375 0.02265625
2 0.21171875 0.503125 0.0203125 0.015625
2 0.24765625 0.503125 0.03359375 0.01640625
2 0.2578125 0.5078125 0.01875 0.0125
2 0.0140625 0.503125 0.028125 0.021875
2 0.084375 0.5046875 0.059375 0.02109375
2 0.134375 0.50390625 0.03515625 0.01640625
2 0.190625 0.50546875 0.0375 0.015625
2 0.38828125 0.50390625 0.00625 0.00703125