0 0.646875 0.54296875 0.02421875 0.140625
3 0.88203125 0.36015625 0.03828125 0.08359375
3 0.68515625 0.31328125 0.015625 0.040625
3 0.615625 0.3828125 0.009375 0.025
3 0.6390625 0.359375 0.0109375 0.03046875
3 0.5609375 0.47578125 0.003125 0.0140625
3 0.50625 0.43359375 0.003125 0.0125
3 0.471875 0.4328125 0.00390625 0.0140625
3 0.44453125 0.4328125 0.003125 0.0140625
3 0.3140625 0.475 0.00546875 0.01328125
3 0.26640625 0.41328125 0.00703125 0.01640625
3 0.225 0.39765625 0.009375 0.01953125
3 0.1765625 0.3796875 0.0125 0.02421875
2 0.43984375 0.50859375 0.02109375 0.01953125
2 0.48359375 0.50234375 0.00625 0.00703125
2 0.49375 0.503125 0.0078125 0.00859375
2 0.3734375 0.50234375 0.02109375 0.0125
2 0.3109375 0.5078125 0.025 0.01640625
2 0.2828125 0.5046875 0.0328125 0.021875
2 0.24609375 0.50234375 0.03203125 0.01796875
2 0.2578125 0.50625 0.01796875 0.01328125
2 0.2125 0.503125 0.0203125 0.015625
2 0.190625 0.50546875 0.0390625 0.01796875
2 0.08359375 0.5046875 0.06015625 0.021875
2 0.13515625 0.5046875 0.03515625 0.01484375
2 0.159375 0.5015625 0.021875 0.01796875
2 0.0140625 0.503125 0.028125 0.021875
2 0.3875 0.5046875 0.00703125 0.0078125