2 0.675 0.54296875 0.21796875 0.075
0 0.01875 0.5046875 0.0140625 0.03828125
3 0.67578125 0.2515625 0.01953125 0.05703125
3 0.61640625 0.3265625 0.0125 0.03671875
3 0.58828125 0.3609375 0.0109375 0.02890625
3 0.5421875 0.47421875 0.00390625 0.01328125
3 0.4828125 0.4265625 0.003125 0.01484375
3 0.4453125 0.42578125 0.003125 0.01484375
3 0.4140625 0.42578125 0.00390625 0.015625
2 0.39296875 0.50234375 0.0328125 0.03203125
3 0.078125 0.35234375 0.0171875 0.03046875
3 0.14921875 0.37890625 0.01328125 0.02421875
3 0.20625 0.39921875 0.00859375 0.01875
3 0.26796875 0.47265625 0.00546875 0.01484375
2 0.45390625 0.50234375 0.00859375 0.00546875