3 0.88203125 0.36015625 0.0375 0.084375
3 0.615625 0.38359375 0.00859375 0.025
3 0.63984375 0.359375 0.0109375 0.0296875
3 0.68515625 0.3140625 0.01640625 0.040625
3 0.44453125 0.4328125 0.00390625 0.01328125
3 0.56171875 0.4765625 0.003125 0.01328125
3 0.1765625 0.37890625 0.01171875 0.025
3 0.225 0.39765625 0.009375 0.01953125
3 0.2671875 0.41328125 0.0078125 0.01796875
3 0.31484375 0.475 0.00546875 0.0125
0 0.53046875 0.5046875 0.00546875 0.02421875
2 0.3734375 0.503125 0.01953125 0.0125
2 0.49453125 0.503125 0.0078125 0.009375
2 0.30859375 0.5078125 0.02890625 0.015625
2 0.2828125 0.5046875 0.034375 0.02265625
2 0.246875 0.50390625 0.03203125 0.01875
2 0.2140625 0.50390625 0.01640625 0.015625
2 0.190625 0.50625 0.0390625 0.01640625
2 0.0140625 0.5046875 0.028125 0.01875
2 0.08359375 0.5046875 0.059375 0.021875
2 0.13515625 0.5046875 0.0359375 0.015625
3 0.471875 0.4328125 0.00390625 0.0140625
3 0.50625 0.4328125 0.003125 0.01328125
2 0.3875 0.5046875 0.0078125 0.00859375
2 0.1578125 0.50546875 0.01015625 0.01171875