0 0.59609375 0.51171875 0.009375 0.03671875
3 0.14453125 0.22265625 0.0296875 0.0625
3 0.009375 0.22578125 0.0171875 0.05859375
3 0.7125 0.42109375 0.01640625 0.04765625
3 0.2359375 0.4015625 0.00859375 0.01953125
3 0.26796875 0.41484375 0.00703125 0.01796875
3 0.29765625 0.425 0.0046875 0.01328125
3 0.63359375 0.36328125 0.01015625 0.028125
3 0.59375 0.40390625 0.0078125 0.0203125
3 0.6078125 0.38984375 0.0078125 0.02265625
3 0.44921875 0.43984375 0.003125 0.0125
3 0.47421875 0.440625 0.003125 0.01171875
3 0.50390625 0.43984375 0.003125 0.01328125
3 0.553125 0.47890625 0.003125 0.01171875
2 0.4890625 0.5015625 0.00625 0.0078125
2 0.45859375 0.5125 0.028125 0.0265625
2 0.440625 0.5078125 0.01171875 0.0171875
2 0.37890625 0.503125 0.0203125 0.0109375
2 0.04375 0.50390625 0.0359375 0.0203125
2 0.11484375 0.50390625 0.05078125 0.021875
2 0.15703125 0.50390625 0.03046875 0.01328125
2 0.1875 0.5015625 0.01796875 0.0125
2 0.21015625 0.50546875 0.03515625 0.01640625
2 0.23046875 0.50234375 0.0140625 0.0140625
2 0.26015625 0.50234375 0.03046875 0.01484375
2 0.278125 0.50703125 0.01328125 0.01015625
2 0.30234375 0.5046875 0.0328125 0.01953125
2 0.01328125 0.5015625 0.0265625 0.02265625
2 0.325 0.50625 0.0109375 0.01328125
3 0.334375 0.478125 0.00390625 0.0125
3 0.2578125 0.22265625 0.02109375 0.06328125