0 0.1078125 0.50703125 0.01171875 0.03203125
3 0.078125 0.35234375 0.01640625 0.0296875
3 0.14921875 0.38046875 0.01484375 0.03125
3 0.20625 0.39921875 0.009375 0.0203125
3 0.2671875 0.47109375 0.00859375 0.02109375
3 0.67578125 0.2515625 0.01953125 0.05546875
3 0.58828125 0.36171875 0.01015625 0.0296875
3 0.61640625 0.3265625 0.0125 0.03515625
3 0.4453125 0.42578125 0.003125 0.01484375
3 0.5421875 0.47421875 0.00390625 0.01484375
2 0.475 0.503125 0.00625 0.0078125
2 0.48671875 0.503125 0.0078125 0.0078125
3 0.4140625 0.42578125 0.00390625 0.0140625
3 0.4828125 0.4265625 0.003125 0.01484375