3 0.2203125 0.46171875 0.00625 0.02265625
3 0.30546875 0.3921875 0.00625 0.02109375
3 0.328125 0.43671875 0.00390625 0.0125
3 0.46171875 0.45625 0.00234375 0.01015625
3 0.5390625 0.484375 0.003125 0.00859375
0 0.55859375 0.50703125 0.00546875 0.0234375
2 0.4546875 0.51328125 0.0328125 0.02890625
2 0.48359375 0.50234375 0.00546875 0.00546875
2 0.48984375 0.50234375 0.0046875 0.00546875
2 0.34140625 0.5015625 0.025 0.01953125
2 0.36015625 0.5046875 0.0125 0.01328125
2 0.3953125 0.503125 0.01640625 0.0109375
2 0.3203125 0.5046875 0.01640625 0.01171875
2 0.2984375 0.503125 0.025 0.0140625
2 0.2640625 0.50390625 0.02734375 0.01328125
2 0.10234375 0.50234375 0.04140625 0.01796875
2 0.19296875 0.503125 0.03046875 0.01640625
2 0.23515625 0.503125 0.01796875 0.0125
3 0.5671875 0.4296875 0.00234375 0.00625
3 0.59453125 0.465625 0.00390625 0.0203125
3 0.359375 0.39140625 0.00625 0.02265625
3 0.4046875 0.390625 0.00546875 0.0234375
3 0.34296875 0.4421875 0.003125 0.0109375
3 0.3578125 0.4484375 0.00234375 0.00859375
3 0.4796875 0.45625 0.00234375 0.0109375
3 0.50234375 0.45625 0.00234375 0.0109375
3 0.5765625 0.4234375 0.003125 0.0140625
3 0.5625 0.4375 0.00234375 0.00859375
3 0.3765625 0.48359375 0.003125 0.00859375