3 0.67578125 0.2515625 0.01875 0.05546875
3 0.61640625 0.3265625 0.0125 0.03671875
3 0.58828125 0.36171875 0.009375 0.0296875
3 0.5421875 0.47421875 0.003125 0.01484375
3 0.4828125 0.4265625 0.00390625 0.015625
3 0.4453125 0.42578125 0.003125 0.01484375
3 0.41328125 0.42578125 0.00390625 0.015625
2 0.43828125 0.50078125 0.01484375 0.01796875
2 0.475 0.503125 0.00625 0.00859375
2 0.4859375 0.503125 0.00703125 0.0078125
3 0.07734375 0.35234375 0.01640625 0.03046875
3 0.14921875 0.37890625 0.0125 0.025
3 0.20625 0.4 0.00859375 0.01875
3 0.26796875 0.47265625 0.00625 0.015625