2 0.24609375 0.540625 0.1546875 0.0859375
3 0.88203125 0.3609375 0.0390625 0.084375
3 0.68515625 0.3140625 0.015625 0.040625
3 0.61640625 0.3828125 0.00859375 0.02421875
3 0.63984375 0.359375 0.01015625 0.0296875
3 0.44375 0.4328125 0.00390625 0.01328125
3 0.5609375 0.47578125 0.00390625 0.0140625
2 0.49453125 0.503125 0.0078125 0.00859375
2 0.3734375 0.50234375 0.0203125 0.01328125
2 0.3875 0.50390625 0.0078125 0.00859375
3 0.17578125 0.3796875 0.0125 0.02421875
3 0.225 0.3984375 0.009375 0.021875
3 0.2671875 0.41328125 0.00703125 0.01796875
3 0.3140625 0.475 0.0046875 0.0140625
2 0.01328125 0.50390625 0.0265625 0.0203125
2 0.08359375 0.5046875 0.059375 0.02265625
2 0.13515625 0.50546875 0.034375 0.01484375
2 0.16015625 0.5046875 0.01640625 0.01328125
2 0.18984375 0.50546875 0.03671875 0.01640625
2 0.2140625 0.503125 0.015625 0.015625
3 0.471875 0.4328125 0.003125 0.0125
3 0.50625 0.43359375 0.003125 0.01328125