3 0.07734375 0.35234375 0.0171875 0.03125
3 0.1484375 0.37890625 0.0109375 0.0234375
3 0.20625 0.39921875 0.00859375 0.01796875
3 0.58828125 0.3609375 0.01015625 0.02890625
3 0.615625 0.3265625 0.0125 0.03671875
3 0.67578125 0.2515625 0.01953125 0.05625
3 0.26796875 0.47265625 0.00546875 0.015625
3 0.4140625 0.42578125 0.00390625 0.01484375
3 0.5421875 0.47421875 0.00390625 0.01484375
2 0.42578125 0.5015625 0.01875 0.0234375
2 0.475 0.50390625 0.00625 0.0078125
2 0.4859375 0.503125 0.00703125 0.00625
3 0.4453125 0.4265625 0.00390625 0.0140625
3 0.4828125 0.4265625 0.003125 0.015625