3 0.36875 0.421875 0.0046875 0.01484375
3 0.54140625 0.4453125 0.0015625 0.01015625
2 0.48828125 0.503125 0.00859375 0.00859375
0 0.37890625 0.50625 0.00546875 0.0171875
0 0.41796875 0.503125 0.0046875 0.015625
3 0.30625 0.47265625 0.003125 0.01640625
2 0.28046875 0.51171875 0.0109375 0.01484375
3 0.365625 0.4515625 0.003125 0.00859375
3 0.375 0.4546875 0.003125 0.009375
3 0.53203125 0.4859375 0.003125 0.00703125
3 0.46328125 0.46015625 0.00234375 0.00859375
3 0.4796875 0.4609375 0.00234375 0.00859375
3 0.49921875 0.4609375 0.0015625 0.0078125
3 0.5640625 0.471875 0.0015625 0.0125
3 0.54609375 0.4421875 0.0015625 0.01015625
3 0.55234375 0.43671875 0.00234375 0.0109375
3 0.40859375 0.421875 0.00390625 0.01484375
3 0.440625 0.421875 0.00390625 0.015625