0 0.7 0.52578125 0.02265625 0.08125
3 0.88203125 0.36015625 0.03828125 0.08359375
3 0.68515625 0.3140625 0.01484375 0.03984375
3 0.61640625 0.38359375 0.00859375 0.0265625
3 0.6390625 0.359375 0.0109375 0.03046875
3 0.44375 0.4328125 0.00390625 0.0140625
3 0.5609375 0.47578125 0.003125 0.0140625
3 0.1765625 0.3796875 0.01171875 0.02421875
3 0.225 0.39765625 0.00859375 0.0203125
3 0.2671875 0.41328125 0.0078125 0.0171875
3 0.31484375 0.475 0.0046875 0.01328125
2 0.4875 0.5046875 0.0109375 0.01015625
2 0.43984375 0.50859375 0.02109375 0.0203125
2 0.37421875 0.503125 0.021875 0.01328125
2 0.38828125 0.5046875 0.00625 0.00859375
2 0.31171875 0.50703125 0.02265625 0.015625
2 0.2828125 0.5046875 0.03515625 0.02109375
2 0.24609375 0.50234375 0.03515625 0.01875
2 0.25703125 0.50703125 0.0171875 0.0125
2 0.21328125 0.503125 0.0171875 0.015625
2 0.190625 0.50625 0.03984375 0.01640625
2 0.16328125 0.5046875 0.01875 0.01328125
2 0.134375 0.503125 0.0359375 0.01640625
2 0.08359375 0.50625 0.05859375 0.01953125
2 0.0140625 0.5046875 0.028125 0.01875
3 0.471875 0.4328125 0.003125 0.01328125
3 0.50625 0.4328125 0.003125 0.0125