3 0.07734375 0.3515625 0.01796875 0.03046875
3 0.15 0.37890625 0.01171875 0.025
3 0.20625 0.4 0.009375 0.0203125
3 0.4140625 0.42578125 0.0046875 0.015625
3 0.4453125 0.4265625 0.00390625 0.01640625
3 0.4828125 0.4265625 0.00390625 0.01640625
3 0.26796875 0.47265625 0.00703125 0.015625
3 0.5421875 0.4734375 0.00390625 0.0140625
3 0.58828125 0.3609375 0.01015625 0.02890625
3 0.67578125 0.2515625 0.0203125 0.05625
3 0.61640625 0.32734375 0.0125 0.03671875
2 0.40546875 0.50234375 0.0265625 0.028125
2 0.475 0.503125 0.00703125 0.00859375
2 0.4859375 0.503125 0.00703125 0.0078125