0 0.46796875 0.54453125 0.0421875 0.13828125
3 0.88203125 0.359375 0.03828125 0.084375
3 0.61640625 0.38359375 0.00859375 0.02421875
3 0.6390625 0.359375 0.0109375 0.0296875
3 0.684375 0.31328125 0.01484375 0.03984375
3 0.44453125 0.4328125 0.00390625 0.01328125
3 0.5609375 0.47578125 0.00390625 0.01328125
2 0.49375 0.503125 0.01015625 0.00859375
2 0.43984375 0.50859375 0.02109375 0.01953125
2 0.3734375 0.503125 0.021875 0.01328125
2 0.3109375 0.5078125 0.02578125 0.015625
2 0.2828125 0.50390625 0.034375 0.0234375
2 0.246875 0.503125 0.03359375 0.01796875
2 0.25625 0.5078125 0.0171875 0.0125
3 0.31484375 0.475 0.0046875 0.01328125
3 0.2671875 0.41328125 0.0078125 0.01796875
3 0.225 0.39765625 0.009375 0.0203125
3 0.17578125 0.3796875 0.01171875 0.02421875
2 0.015625 0.50390625 0.03046875 0.0203125
2 0.08359375 0.50546875 0.05859375 0.02109375
2 0.13359375 0.50390625 0.03671875 0.0171875
2 0.16015625 0.50390625 0.01796875 0.0171875
2 0.190625 0.50546875 0.03984375 0.0171875
2 0.2140625 0.503125 0.0171875 0.015625
3 0.471875 0.4328125 0.00390625 0.0140625
3 0.50546875 0.4328125 0.003125 0.01328125