3 0.88203125 0.359375 0.03828125 0.084375
3 0.684375 0.3140625 0.015625 0.040625
3 0.615625 0.3828125 0.00859375 0.02421875
3 0.63984375 0.359375 0.01015625 0.0296875
3 0.5609375 0.47578125 0.003125 0.0140625
3 0.44375 0.4328125 0.00390625 0.01328125
0 0.49609375 0.50703125 0.00703125 0.02734375
2 0.3734375 0.50234375 0.0203125 0.0125
2 0.3875 0.50390625 0.00703125 0.009375
2 0.31015625 0.5078125 0.0265625 0.01640625
2 0.28203125 0.5046875 0.03125 0.02265625
2 0.24609375 0.503125 0.03203125 0.01640625
2 0.25703125 0.50703125 0.01796875 0.0125
2 0.2140625 0.503125 0.0171875 0.01640625
3 0.2671875 0.4140625 0.0078125 0.01953125
3 0.31484375 0.475 0.0046875 0.01328125
3 0.225 0.39765625 0.009375 0.01953125
3 0.1765625 0.3796875 0.01171875 0.02421875
2 0.18984375 0.5046875 0.03671875 0.01640625
2 0.1609375 0.503125 0.01875 0.0171875
2 0.1296875 0.50390625 0.02578125 0.01640625
2 0.08359375 0.5046875 0.05859375 0.02265625
2 0.0140625 0.50390625 0.028125 0.01953125
3 0.471875 0.4328125 0.00390625 0.0140625
3 0.50625 0.4328125 0.003125 0.0140625
2 0.46328125 0.50390625 0.00859375 0.0078125