3 0.88203125 0.359375 0.0375 0.08359375
3 0.61640625 0.3828125 0.00859375 0.025
3 0.6390625 0.359375 0.01015625 0.03046875
3 0.68515625 0.3140625 0.01484375 0.03984375
3 0.44453125 0.43359375 0.003125 0.0125
3 0.5609375 0.4765625 0.003125 0.01328125
2 0.4015625 0.51015625 0.02890625 0.0203125
2 0.08359375 0.5046875 0.05859375 0.02421875
2 0.1296875 0.50390625 0.025 0.01640625
2 0.190625 0.50546875 0.03671875 0.0171875
2 0.246875 0.503125 0.03359375 0.01953125
2 0.28203125 0.50546875 0.03125 0.02109375
3 0.1765625 0.3796875 0.01171875 0.0234375
3 0.225 0.39765625 0.00859375 0.01953125
3 0.2671875 0.41328125 0.0078125 0.0171875
2 0.00390625 0.5296875 0.0078125 0.021875
2 0.01328125 0.50390625 0.0265625 0.0203125
2 0.2140625 0.503125 0.01640625 0.01640625
2 0.159375 0.50234375 0.01875 0.01796875
2 0.3078125 0.5078125 0.03046875 0.01640625
2 0.3734375 0.503125 0.01953125 0.01328125
2 0.49453125 0.50390625 0.00703125 0.00859375
3 0.471875 0.43359375 0.003125 0.0125
3 0.50546875 0.43359375 0.00390625 0.0125
3 0.3140625 0.475 0.0046875 0.0125