0 0.14375 0.50703125 0.01171875 0.03515625
3 0.07734375 0.353125 0.0171875 0.0296875
3 0.14921875 0.37890625 0.0125 0.02578125
3 0.20625 0.4 0.01015625 0.0203125
3 0.26796875 0.47265625 0.00703125 0.01484375
0 0.30390625 0.5078125 0.009375 0.028125
3 0.41328125 0.42578125 0.00390625 0.01484375
2 0.475 0.503125 0.00703125 0.0078125
3 0.5421875 0.4734375 0.00390625 0.015625
3 0.67578125 0.2515625 0.0203125 0.05546875
3 0.61640625 0.3265625 0.01328125 0.0359375
3 0.58828125 0.36171875 0.01015625 0.0296875
3 0.4453125 0.42578125 0.003125 0.01484375
3 0.4828125 0.4265625 0.003125 0.01484375