0 0.01015625 0.50859375 0.015625 0.034375
3 0.07734375 0.35234375 0.015625 0.03046875
3 0.14921875 0.37890625 0.0125 0.02421875
3 0.20625 0.3984375 0.00859375 0.01640625
3 0.26796875 0.47265625 0.00546875 0.01484375
3 0.67578125 0.2515625 0.01875 0.05703125
3 0.615625 0.32734375 0.0125 0.0375
3 0.5890625 0.3609375 0.0109375 0.02890625
3 0.4140625 0.42578125 0.00390625 0.015625
3 0.5421875 0.47421875 0.00390625 0.01484375
2 0.475 0.50234375 0.00703125 0.0078125
2 0.48671875 0.503125 0.00703125 0.00625
2 0.45078125 0.50078125 0.01171875 0.01328125
3 0.4453125 0.4265625 0.00390625 0.015625
3 0.4828125 0.4265625 0.00390625 0.015625