2 0.39296875 0.503125 0.034375 0.03125
3 0.67578125 0.2515625 0.01953125 0.05625
3 0.61640625 0.32578125 0.0125 0.0359375
3 0.58828125 0.3609375 0.01015625 0.02890625
3 0.41328125 0.42578125 0.00390625 0.01484375
3 0.5421875 0.47421875 0.00390625 0.01484375
2 0.47578125 0.50234375 0.00625 0.00625
2 0.48671875 0.50234375 0.00703125 0.0078125
3 0.078125 0.3515625 0.0171875 0.03203125
3 0.14921875 0.378125 0.01328125 0.025
3 0.20625 0.4 0.00859375 0.01953125
3 0.26796875 0.47265625 0.00625 0.015625
3 0.4453125 0.42578125 0.00390625 0.01484375
3 0.4828125 0.4265625 0.003125 0.01484375