0 0.02421875 0.5078125 0.021875 0.0390625
0 0.18515625 0.50859375 0.015625 0.0328125
3 0.07734375 0.35234375 0.015625 0.03046875
3 0.14921875 0.37890625 0.01171875 0.025
3 0.20625 0.4 0.0078125 0.01875
3 0.26796875 0.47265625 0.00625 0.01484375
3 0.58828125 0.36171875 0.01015625 0.0296875
3 0.61640625 0.3265625 0.0125 0.03671875
3 0.67578125 0.25078125 0.01953125 0.05703125
3 0.4140625 0.425 0.00390625 0.015625
3 0.5421875 0.47421875 0.00390625 0.01484375
2 0.475 0.503125 0.00703125 0.0078125
2 0.4859375 0.5015625 0.00703125 0.0078125
3 0.4453125 0.42578125 0.003125 0.015625
3 0.4828125 0.4265625 0.00390625 0.01484375