3 0.88203125 0.359375 0.0375 0.08359375
3 0.61640625 0.384375 0.00859375 0.02578125
3 0.63984375 0.359375 0.01015625 0.0296875
3 0.68515625 0.3140625 0.015625 0.040625
3 0.5609375 0.47578125 0.003125 0.01328125
3 0.50625 0.4328125 0.00390625 0.0140625
3 0.471875 0.4328125 0.00390625 0.01328125
3 0.44453125 0.4328125 0.00390625 0.01328125
3 0.17578125 0.3796875 0.01015625 0.0234375
3 0.225 0.39765625 0.009375 0.0203125
3 0.2671875 0.41328125 0.00703125 0.0171875
3 0.31484375 0.475 0.00546875 0.0125
2 0.49453125 0.503125 0.00703125 0.0078125
2 0.40234375 0.51015625 0.02890625 0.0203125
2 0.37421875 0.50234375 0.02265625 0.01328125
2 0.2875 0.50390625 0.0421875 0.02265625
2 0.24765625 0.50390625 0.034375 0.01875
2 0.190625 0.50546875 0.0390625 0.01796875
2 0.134375 0.5046875 0.034375 0.01484375
2 0.08359375 0.5046875 0.05859375 0.02421875
2 0.0140625 0.5046875 0.028125 0.01875
2 0.31015625 0.5078125 0.02734375 0.01484375
2 0.2140625 0.503125 0.015625 0.01484375
2 0.15703125 0.50546875 0.0109375 0.0125
2 0.00390625 0.5296875 0.0078125 0.02265625
2 0.50078125 0.49921875 0.00625 0.009375