0 0.08125 0.50859375 0.015625 0.03359375
3 0.07734375 0.35234375 0.01640625 0.02890625
3 0.14921875 0.37890625 0.0109375 0.0234375
3 0.20625 0.4 0.009375 0.01875
3 0.26796875 0.47265625 0.00625 0.01484375
3 0.4453125 0.42578125 0.003125 0.01484375
2 0.475 0.503125 0.00703125 0.0078125
2 0.4859375 0.50234375 0.00703125 0.00859375
3 0.5421875 0.47421875 0.003125 0.01484375
3 0.67578125 0.2515625 0.0203125 0.05625
3 0.615625 0.3265625 0.0140625 0.0390625
3 0.58984375 0.36171875 0.0125 0.02890625
3 0.4140625 0.425 0.00390625 0.01484375
3 0.4828125 0.4265625 0.003125 0.0140625