0 0.7421875 0.53203125 0.03046875 0.103125
3 0.88359375 0.359375 0.0375 0.08828125
3 0.68515625 0.3140625 0.0140625 0.040625
3 0.6390625 0.359375 0.0109375 0.03046875
3 0.61640625 0.38359375 0.009375 0.0265625
3 0.5609375 0.475 0.00390625 0.0140625
3 0.471875 0.4328125 0.00390625 0.01328125
3 0.50625 0.4328125 0.003125 0.01328125
3 0.44453125 0.4328125 0.00390625 0.01328125
2 0.490625 0.50390625 0.009375 0.00859375
2 0.43984375 0.50859375 0.02109375 0.01953125
2 0.37421875 0.503125 0.02109375 0.01328125
2 0.3875 0.50390625 0.00703125 0.009375
3 0.31484375 0.47578125 0.00546875 0.0140625
3 0.17578125 0.3796875 0.0109375 0.02421875
3 0.225 0.39765625 0.00859375 0.01953125
3 0.2671875 0.41328125 0.0078125 0.01640625
2 0.01484375 0.50390625 0.0296875 0.02109375
2 0.08359375 0.50625 0.059375 0.0265625
2 0.13515625 0.5046875 0.03671875 0.01953125
2 0.1625 0.5015625 0.01796875 0.0203125
2 0.190625 0.50546875 0.0390625 0.0171875
2 0.21484375 0.50390625 0.01796875 0.0171875
2 0.24765625 0.50390625 0.0359375 0.01953125
2 0.25703125 0.50703125 0.0171875 0.01328125
2 0.28359375 0.5046875 0.03515625 0.021875
2 0.3078125 0.5078125 0.03125 0.0171875