0 0.04921875 0.50703125 0.015625 0.034375
3 0.67578125 0.25234375 0.01875 0.05546875
3 0.58828125 0.36171875 0.01015625 0.02890625
3 0.61640625 0.3265625 0.0125 0.0375
3 0.4453125 0.4265625 0.003125 0.01484375
3 0.5421875 0.47421875 0.00390625 0.01484375
2 0.475 0.50390625 0.00703125 0.00859375
2 0.4859375 0.503125 0.0078125 0.00859375
3 0.1484375 0.3765625 0.01328125 0.0296875
3 0.20703125 0.3984375 0.01171875 0.025
3 0.26796875 0.471875 0.0078125 0.01796875
3 0.07890625 0.35078125 0.01796875 0.03671875
0 0.2078125 0.5078125 0.0171875 0.0359375
3 0.4140625 0.42578125 0.00390625 0.01484375
3 0.4828125 0.4265625 0.00390625 0.015625