3 0.9421875 0.05546875 0.04921875 0.1109375
3 0.75 0.25 0.0203125 0.05625
3 0.68359375 0.315625 0.01484375 0.0390625
3 0.4296875 0.415625 0.00390625 0.0171875
0 0.34140625 0.5109375 0.009375 0.034375
2 0.49453125 0.50390625 0.0078125 0.00859375
2 0.359375 0.503125 0.021875 0.0140625
2 0.38203125 0.5125 0.03671875 0.0234375
2 0.2359375 0.50625 0.0328125 0.025
2 0.27265625 0.5078125 0.04375 0.0203125
3 0.26328125 0.46875 0.00703125 0.01640625
3 0.17890625 0.38125 0.0125 0.02421875
3 0.09609375 0.34921875 0.015625 0.02890625
2 0.2078125 0.503125 0.02421875 0.0203125
2 0.2140625 0.51015625 0.01171875 0.01328125
2 0.1765625 0.50390625 0.0265625 0.0171875
2 0.13984375 0.5078125 0.0453125 0.01796875
2 0.084375 0.50546875 0.0421875 0.0171875
2 0.02109375 0.50703125 0.0421875 0.021875
3 0.57734375 0.4703125 0.00625 0.0171875
3 0.5078125 0.415625 0.00390625 0.01640625
3 0.46484375 0.415625 0.00390625 0.01640625
2 0.1109375 0.50546875 0.01015625 0.0125