0 0.16875 0.5078125 0.0125 0.03515625
3 0.67578125 0.2515625 0.0203125 0.05625
3 0.615625 0.3265625 0.0125 0.03671875
3 0.58828125 0.3609375 0.01015625 0.0296875
3 0.41328125 0.42578125 0.00390625 0.01484375
3 0.5421875 0.4734375 0.00390625 0.015625
2 0.475 0.503125 0.00703125 0.00703125
3 0.078125 0.3515625 0.0171875 0.03046875
3 0.14921875 0.378125 0.01171875 0.02421875
3 0.20625 0.4 0.00859375 0.01953125
3 0.26796875 0.47265625 0.00546875 0.015625
0 0.31796875 0.50546875 0.0078125 0.02734375
3 0.4453125 0.4265625 0.003125 0.01484375
3 0.4828125 0.4265625 0.00390625 0.01484375