0 0.7109375 0.54296875 0.04296875 0.13828125
3 0.88203125 0.359375 0.0390625 0.0859375
3 0.68515625 0.31328125 0.01484375 0.03984375
3 0.615625 0.38359375 0.0078125 0.02578125
3 0.6390625 0.359375 0.01015625 0.0296875
3 0.44453125 0.4328125 0.00390625 0.01328125
3 0.5609375 0.47578125 0.003125 0.01328125
2 0.48359375 0.503125 0.0078125 0.00703125
2 0.49453125 0.503125 0.0078125 0.0078125
2 0.43984375 0.50859375 0.02109375 0.01953125
2 0.37421875 0.503125 0.021875 0.0125
3 0.31484375 0.475 0.00546875 0.01328125
2 0.3109375 0.5078125 0.025 0.01640625
2 0.28359375 0.5046875 0.03203125 0.02109375
2 0.24765625 0.503125 0.03515625 0.01640625
2 0.2578125 0.50703125 0.01953125 0.0125
2 0.2140625 0.503125 0.01640625 0.015625
2 0.18984375 0.5046875 0.0375 0.01640625
3 0.17578125 0.3796875 0.0109375 0.02421875
3 0.225 0.39765625 0.009375 0.01953125
3 0.2671875 0.41328125 0.00703125 0.0171875
2 0.16015625 0.503125 0.0140625 0.01484375
2 0.134375 0.50390625 0.03671875 0.015625
2 0.01328125 0.50390625 0.0265625 0.0203125
2 0.08359375 0.50390625 0.05859375 0.021875
3 0.471875 0.4328125 0.003125 0.0140625
3 0.50546875 0.4328125 0.003125 0.0140625
2 0.3875 0.5046875 0.0078125 0.00859375