0 0.13203125 0.5078125 0.0125 0.0328125
3 0.67578125 0.2515625 0.01953125 0.05703125
3 0.58828125 0.36171875 0.01015625 0.02890625
3 0.61640625 0.3265625 0.0125 0.03671875
3 0.41328125 0.425 0.00390625 0.01484375
3 0.54140625 0.4734375 0.0046875 0.01484375
2 0.475 0.503125 0.00625 0.0078125
2 0.4859375 0.503125 0.00703125 0.0078125
3 0.07734375 0.35234375 0.01484375 0.03125
3 0.1484375 0.37890625 0.0125 0.025
3 0.20625 0.39921875 0.009375 0.01796875
3 0.26796875 0.47265625 0.00625 0.01484375
3 0.4828125 0.4265625 0.00390625 0.015625
3 0.4453125 0.42578125 0.003125 0.015625