2 0.3921875 0.503125 0.03515625 0.03046875
0 0.1734375 0.50859375 0.01171875 0.03203125
3 0.67578125 0.25234375 0.01953125 0.05546875
3 0.61640625 0.3265625 0.0125 0.0375
3 0.5890625 0.36171875 0.01015625 0.02890625
3 0.41328125 0.42578125 0.00390625 0.01484375
3 0.5421875 0.47421875 0.00390625 0.01484375
3 0.26796875 0.471875 0.00625 0.015625
3 0.20625 0.39921875 0.009375 0.01953125
3 0.14921875 0.378125 0.01015625 0.02421875
3 0.078125 0.35234375 0.01640625 0.03046875
3 0.4453125 0.4265625 0.003125 0.0140625
3 0.4828125 0.4265625 0.003125 0.0140625