0 0.03125 0.50703125 0.01875 0.0375
3 0.67578125 0.2515625 0.01953125 0.05625
3 0.61640625 0.32734375 0.0125 0.03671875
3 0.58828125 0.36171875 0.01015625 0.0296875
3 0.41328125 0.42578125 0.00390625 0.015625
3 0.5421875 0.4734375 0.00390625 0.015625
2 0.45546875 0.5015625 0.01171875 0.01328125
2 0.475 0.503125 0.0078125 0.00859375
2 0.4859375 0.503125 0.0078125 0.0078125
3 0.07734375 0.35234375 0.01796875 0.0296875
3 0.1484375 0.378125 0.0140625 0.025
3 0.20625 0.4 0.009375 0.0203125
3 0.26796875 0.471875 0.00625 0.015625
3 0.4828125 0.4265625 0.00390625 0.015625
3 0.4453125 0.42578125 0.00390625 0.01484375