2 0.28203125 0.53359375 0.12265625 0.06953125
3 0.88203125 0.359375 0.0375 0.084375
3 0.68515625 0.3140625 0.015625 0.040625
3 0.61640625 0.3828125 0.00859375 0.02421875
3 0.6390625 0.359375 0.01015625 0.0296875
3 0.44453125 0.4328125 0.00390625 0.0140625
3 0.5609375 0.47578125 0.003125 0.01328125
2 0.49453125 0.503125 0.00859375 0.00859375
2 0.3734375 0.503125 0.02109375 0.0125
3 0.3140625 0.475 0.00546875 0.0140625
3 0.17578125 0.3796875 0.0109375 0.02421875
3 0.225 0.39765625 0.009375 0.0203125
3 0.2671875 0.41328125 0.00703125 0.01875
2 0.24609375 0.503125 0.03125 0.01796875
2 0.25546875 0.50625 0.015625 0.0125
2 0.19140625 0.50546875 0.03984375 0.0171875
2 0.21328125 0.503125 0.01875 0.01640625
2 0.16015625 0.5015625 0.01953125 0.01875
2 0.13046875 0.50390625 0.02578125 0.0171875
2 0.084375 0.50546875 0.05859375 0.0203125
2 0.0140625 0.50390625 0.028125 0.0203125
3 0.471875 0.4328125 0.00390625 0.0140625
3 0.50625 0.4328125 0.00390625 0.01328125