3 0.8828125 0.36015625 0.0375 0.0859375
3 0.68515625 0.3140625 0.01484375 0.040625
3 0.61640625 0.3828125 0.00859375 0.02421875
3 0.63984375 0.359375 0.0109375 0.0296875
3 0.5609375 0.47578125 0.003125 0.0140625
3 0.50625 0.4328125 0.00390625 0.0140625
3 0.47265625 0.4328125 0.00390625 0.0140625
3 0.44375 0.4328125 0.003125 0.01328125
2 0.43828125 0.50859375 0.02109375 0.0203125
2 0.49453125 0.50390625 0.0078125 0.0078125
0 0.2890625 0.54609375 0.07890625 0.15078125
2 0.37421875 0.50234375 0.0203125 0.01328125
2 0.246875 0.503125 0.03359375 0.0203125
2 0.190625 0.50546875 0.03828125 0.01640625
2 0.1296875 0.50390625 0.02578125 0.0171875
2 0.0828125 0.5046875 0.06015625 0.02265625
2 0.0140625 0.5046875 0.02734375 0.02109375
3 0.17578125 0.37890625 0.01171875 0.02578125
3 0.225 0.39765625 0.009375 0.01953125
3 0.2671875 0.41328125 0.0078125 0.01796875
3 0.31484375 0.475 0.00546875 0.0125
2 0.4828125 0.503125 0.00703125 0.00625
2 0.3875 0.5046875 0.00625 0.00859375
2 0.29453125 0.503125 0.0578125 0.02578125
2 0.21484375 0.50390625 0.01640625 0.01640625
2 0.159375 0.5015625 0.021875 0.01875