0 0.1203125 0.5078125 0.0125 0.03828125
3 0.07734375 0.35234375 0.0171875 0.03125
3 0.1484375 0.37890625 0.01171875 0.02421875
3 0.20625 0.4 0.00859375 0.01953125
3 0.26796875 0.47265625 0.00625 0.01484375
0 0.284375 0.50625 0.0078125 0.0328125
3 0.6765625 0.25078125 0.01953125 0.05625
3 0.58828125 0.36171875 0.009375 0.02890625
3 0.61640625 0.3265625 0.0125 0.03671875
3 0.41328125 0.425 0.00390625 0.015625
3 0.5421875 0.47421875 0.00390625 0.01484375
2 0.475 0.50390625 0.00703125 0.00859375
2 0.48828125 0.503125 0.01171875 0.009375
3 0.4453125 0.42578125 0.00390625 0.015625
3 0.4828125 0.4265625 0.003125 0.015625