0 0.75 0.52734375 0.04765625 0.13125
3 0.88203125 0.359375 0.0375 0.08359375
2 0.43984375 0.509375 0.021875 0.02109375
3 0.44453125 0.43359375 0.0046875 0.01328125
3 0.471875 0.43359375 0.003125 0.01328125
3 0.50625 0.43359375 0.00390625 0.01328125
3 0.5609375 0.47578125 0.00390625 0.01484375
2 0.2828125 0.503125 0.03359375 0.0234375
2 0.08359375 0.5046875 0.05859375 0.021875
2 0.1328125 0.5046875 0.01796875 0.01484375
2 0.18984375 0.50546875 0.0359375 0.01796875
2 0.2453125 0.50234375 0.03125 0.01796875
3 0.1765625 0.3796875 0.01171875 0.02421875
3 0.225 0.3984375 0.00859375 0.0203125
3 0.2671875 0.41328125 0.00703125 0.01640625
2 0.49296875 0.503125 0.01015625 0.0078125
3 0.68515625 0.31328125 0.0140625 0.04140625
3 0.6390625 0.359375 0.0109375 0.0296875
3 0.61640625 0.38359375 0.0078125 0.02578125
2 0.3734375 0.503125 0.02109375 0.0140625
2 0.16015625 0.50390625 0.015625 0.0140625
2 0.21484375 0.503125 0.01484375 0.015625
2 0.0140625 0.503125 0.028125 0.021875
2 0.4828125 0.50234375 0.00859375 0.0078125
2 0.309375 0.5078125 0.02890625 0.01640625
2 0.2578125 0.50703125 0.015625 0.01171875
2 0.146875 0.5046875 0.009375 0.0125
3 0.31484375 0.47578125 0.0046875 0.01484375