0 0.6375 0.5171875 0.015625 0.05546875
3 0.88203125 0.359375 0.03828125 0.084375
3 0.61640625 0.38359375 0.00859375 0.02578125
3 0.63984375 0.359375 0.01015625 0.0296875
3 0.684375 0.31328125 0.01484375 0.040625
3 0.44453125 0.43359375 0.003125 0.0125
3 0.5609375 0.47578125 0.00390625 0.0140625
2 0.471875 0.5078125 0.01953125 0.01875
2 0.43984375 0.50859375 0.02109375 0.0203125
2 0.490625 0.50234375 0.00625 0.00625
2 0.37421875 0.503125 0.02109375 0.0140625
2 0.3078125 0.5078125 0.03125 0.015625
3 0.31484375 0.475 0.00546875 0.0140625
3 0.2671875 0.41328125 0.0078125 0.0171875
3 0.225 0.39765625 0.009375 0.0203125
3 0.1765625 0.3796875 0.01171875 0.02421875
2 0.28203125 0.5046875 0.034375 0.02109375
2 0.246875 0.503125 0.034375 0.02109375
2 0.25625 0.50703125 0.01796875 0.01328125
2 0.2140625 0.503125 0.01640625 0.0171875
2 0.19140625 0.50546875 0.0375 0.0171875
2 0.16171875 0.50390625 0.01953125 0.0140625
2 0.134375 0.50390625 0.03515625 0.0140625
2 0.0140625 0.503125 0.028125 0.02265625
2 0.084375 0.5046875 0.06015625 0.02421875
3 0.471875 0.4328125 0.00390625 0.01328125
3 0.50625 0.43359375 0.003125 0.01328125