0 0.071875 0.5078125 0.015625 0.0375
3 0.078125 0.35234375 0.0171875 0.03046875
3 0.14921875 0.378125 0.0125 0.025
3 0.20625 0.40078125 0.009375 0.01953125
3 0.26796875 0.47265625 0.00625 0.015625
0 0.2328125 0.50703125 0.01484375 0.0328125
3 0.4140625 0.425 0.0046875 0.015625
3 0.5421875 0.47421875 0.00390625 0.015625
2 0.475 0.50390625 0.00703125 0.0078125
2 0.4859375 0.50234375 0.0078125 0.0078125
3 0.6765625 0.25078125 0.021875 0.0546875
3 0.61640625 0.3265625 0.01328125 0.03671875
3 0.5890625 0.36171875 0.01015625 0.0296875
3 0.4453125 0.42578125 0.00390625 0.0140625
3 0.4828125 0.42734375 0.003125 0.0140625