0 0.11953125 0.525 0.02734375 0.075
3 0.35546875 0.325 0.0109375 0.0375
3 0.66171875 0.4375 0.01484375 0.03671875
2 0.29453125 0.521875 0.08359375 0.04453125
2 0.34453125 0.50625 0.01484375 0.01484375
2 0.49609375 0.50390625 0.009375 0.009375
2 0.02578125 0.50390625 0.028125 0.0234375
2 0.01171875 0.51171875 0.02265625 0.025
2 0.07421875 0.51015625 0.065625 0.04140625
2 0.1515625 0.50859375 0.0484375 0.03671875
2 0.19375 0.50625 0.025 0.0171875
2 0.221875 0.50625 0.03203125 0.0125
3 0.42890625 0.325 0.00859375 0.0390625
3 0.51640625 0.32421875 0.009375 0.03671875