0 0.9890625 0.5171875 0.01953125 0.07578125
2 0.69765625 0.5078125 0.03515625 0.02109375
2 0.75078125 0.50078125 0.04921875 0.02265625
3 0.81015625 0.4875 0.003125 0.00703125
3 0.73203125 0.4703125 0.0015625 0.00546875
3 0.63984375 0.46328125 0.0015625 0.0078125
2 0.83984375 0.50625 0.0421875 0.01640625
3 0.796875 0.4546875 0.0015625 0.0078125
3 0.659375 0.46015625 0.0015625 0.00625
3 0.67734375 0.45859375 0.0015625 0.00703125
3 0.7484375 0.46796875 0.00234375 0.00625
3 0.7703125 0.46640625 0.003125 0.00703125
3 0.8015625 0.4546875 0.00234375 0.0078125
3 0.80625 0.45546875 0.00234375 0.00625