2 0.86796875 0.54375 0.2640625 0.0890625
2 0.5 0.8578125 1 0.28046875
2 0.609375 0.5046875 0.0296875 0.01328125
2 0.6453125 0.50625 0.0296875 0.0140625
2 0.67265625 0.50625 0.0296875 0.0140625
0 0.69921875 0.50625 0.0140625 0.034375
3 0.60546875 0.459375 0.00390625 0.00859375
3 0.621875 0.4546875 0.0046875 0.0109375
3 0.646875 0.44453125 0.00390625 0.0125
3 0.721875 0.4703125 0.0078125 0.01640625
3 0.58203125 0.40234375 0.00625 0.02265625
3 0.5421875 0.40234375 0.00625 0.02109375
3 0.49375 0.40234375 0.0046875 0.0203125
2 0.80546875 0.5015625 0.05390625 0.0203125
3 0.415625 0.465625 0.0046875 0.021875
3 0.52109375 0.47421875 0.0015625 0.00390625
3 0.53125 0.475 0.0015625 0.003125
3 0.54453125 0.475 0.0015625 0.003125
3 0.56484375 0.490625 0.0015625 0.0046875