2 0.5 0.85625 1 0.2875
2 0.0984375 0.503125 0.0109375 0.009375
2 0.1125 0.503125 0.01171875 0.0109375
2 0.128125 0.50390625 0.0078125 0.00859375
2 0.134375 0.503125 0.0140625 0.01171875
2 0.146875 0.5015625 0.009375 0.01171875
2 0.1578125 0.50234375 0.0125 0.01015625
3 0.1 0.4640625 0.00234375 0.0078125
3 0.115625 0.4640625 0.00234375 0.00703125
3 0.13359375 0.46484375 0.00234375 0.00546875
3 0.1640625 0.48671875 0.003125 0.00703125
2 0.0125 0.50234375 0.025 0.0109375
3 0.00859375 0.48671875 0.00703125 0.009375