3 0.74765625 0.409375 0.01171875 0.01953125
3 0.84609375 0.37265625 0.0171875 0.02890625
3 0.534375 0.46015625 0.00234375 0.00703125
3 0.5515625 0.46015625 0.003125 0.0078125
3 0.6046875 0.4859375 0.00390625 0.00703125
3 0.57109375 0.4609375 0.00234375 0.0078125
3 0.403125 0.40078125 0.00859375 0.02265625
3 0.42578125 0.42421875 0.00625 0.01640625
3 0.44140625 0.44140625 0.00390625 0.0109375
2 0.6828125 0.51640625 0.1359375 0.03828125
2 0.81015625 0.5125 0.0953125 0.028125
2 0.5 0.85859375 1 0.2828125
3 0.4578125 0.484375 0.003125 0.00859375