2 0.771875 0.50625 0.05234375 0.028125
2 0.87578125 0.5125 0.11640625 0.0328125
2 0.6015625 0.5015625 0.0234375 0.01328125
2 0.64296875 0.503125 0.03125 0.01015625
2 0.5 0.85859375 1 0.2828125
2 0.68046875 0.503125 0.01640625 0.01015625
2 0.69765625 0.50390625 0.01640625 0.009375
2 0.96640625 0.50546875 0.0671875 0.028125
2 0.53828125 0.50390625 0.01015625 0.0078125
3 0.49765625 0.48046875 0.00078125 0.00390625
3 0.5078125 0.48046875 0.00078125 0.00390625
3 0.51640625 0.48046875 0.00078125 0.00390625