2 0.55390625 0.5046875 0.01640625 0.01328125
2 0.66171875 0.50234375 0.03203125 0.01953125
2 0.73046875 0.503125 0.05234375 0.02265625
2 0.77109375 0.50390625 0.02734375 0.015625
2 0.5 0.8578125 1 0.284375
2 0.79609375 0.50546875 0.01953125 0.01484375
2 0.825 0.50625 0.0234375 0.01640625
2 0.88203125 0.50390625 0.03984375 0.0140625
2 0.575 0.503125 0.015625 0.0078125
2 0.634375 0.503125 0.021875 0.015625
3 0.49765625 0.47265625 0.0015625 0.0046875
3 0.5109375 0.4734375 0.0015625 0.0046875
3 0.521875 0.4734375 0.0015625 0.00390625
2 0.9140625 0.50390625 0.021875 0.0140625