2 0.50234375 0.85625 0.9953125 0.2875
2 0.7140625 0.50625 0.05859375 0.02421875
2 0.96953125 0.50390625 0.0609375 0.05078125
2 0.5203125 0.5046875 0.0125 0.0140625
3 0.42734375 0.4421875 0.00390625 0.01171875
3 0.4390625 0.45078125 0.003125 0.0109375
3 0.4484375 0.4578125 0.00234375 0.00859375
3 0.65390625 0.44296875 0.00546875 0.0125
3 0.68671875 0.43203125 0.00703125 0.01328125
3 0.75078125 0.40859375 0.01015625 0.01796875
3 0.528125 0.46875 0.00234375 0.00546875
3 0.54140625 0.46953125 0.0015625 0.00546875
3 0.5828125 0.4890625 0.00234375 0.00546875
3 0.49140625 0.19921875 0.01484375 0.0796875
3 0.64140625 0.196875 0.028125 0.08828125
3 0.7625 0.1984375 0.04375 0.08203125
3 0.97265625 0.4671875 0.003125 0.01015625
3 0.9890625 0.4671875 0.00390625 0.009375
3 0.26328125 0.39765625 0.03046875 0.0625
3 0.915625 0.4875 0.003125 0.009375