2 0.80859375 0.5078125 0.38125 0.22421875
2 0.50078125 0.8546875 0.99765625 0.28984375
2 0.52109375 0.50703125 0.01328125 0.01171875
3 0.4984375 0.4421875 0.003125 0.0125
3 0.52734375 0.44140625 0.003125 0.0125
3 0.5515625 0.44140625 0.00390625 0.0125
3 0.6453125 0.47734375 0.00390625 0.01953125
3 0.58671875 0.46796875 0.00234375 0.00546875
3 0.59609375 0.465625 0.0015625 0.00546875
3 0.61015625 0.459375 0.00234375 0.00625
0 0.49140625 0.50234375 0.003125 0.01171875
3 0.46015625 0.4671875 0.00234375 0.00625
3 0.4640625 0.4703125 0.0015625 0.0046875
2 0.61640625 0.50390625 0.01015625 0.0109375