2 0.428125 0.51484375 0.06796875 0.03203125
2 0.8703125 0.5015625 0.1625 0.0484375
3 0.8078125 0.39453125 0.015625 0.0234375
3 0.9453125 0.34375 0.028125 0.03515625
3 0.5578125 0.459375 0.003125 0.0078125
3 0.63828125 0.48359375 0.00546875 0.00859375
3 0.45859375 0.42265625 0.00546875 0.01484375
2 0.52265625 0.50546875 0.01015625 0.0140625
2 0.5015625 0.85625 0.996875 0.2875
3 0.46953125 0.43828125 0.00546875 0.0109375
3 0.57578125 0.459375 0.00234375 0.0078125
3 0.5984375 0.4578125 0.003125 0.00859375