0 0.13203125 0.5015625 0.0125 0.03828125
3 0.490625 0.34453125 0.021875 0.078125
3 0.28125 0.31171875 0.01484375 0.040625
3 0.31015625 0.28359375 0.015625 0.04375
3 0.3578125 0.23984375 0.01796875 0.0546875
3 0.2 0.45078125 0.00703125 0.02265625
3 0.06171875 0.353125 0.01015625 0.02890625
3 0.05078125 0.465625 0.00234375 0.00703125
3 0.0921875 0.4671875 0.00234375 0.00703125
3 0.0703125 0.46640625 0.00234375 0.00546875
2 0.05234375 0.50390625 0.02265625 0.01640625
0 0.0140625 0.5 0.0046875 0.0125
3 0.046875 0.4578125 0.003125 0.00859375
3 0.02265625 0.45703125 0.00234375 0.00859375