2 0.028125 0.49453125 0.05625 0.02890625
0 0.14375 0.5015625 0.0140625 0.04765625
3 0.490625 0.34453125 0.021875 0.07578125
3 0.35703125 0.240625 0.01796875 0.05390625
3 0.2828125 0.31171875 0.01328125 0.0375
3 0.31015625 0.28515625 0.01484375 0.04296875
3 0.2 0.45078125 0.00625 0.0234375
3 0.06171875 0.35234375 0.009375 0.02890625
3 0.0515625 0.465625 0.00234375 0.00703125
3 0.0703125 0.46640625 0.00234375 0.00625
3 0.09296875 0.46796875 0.003125 0.00625
3 0.125 0.4875 0.00234375 0.00546875
3 0.021875 0.45625 0.00234375 0.00859375
3 0.046875 0.4578125 0.00234375 0.0078125
2 0.05234375 0.503125 0.021875 0.015625
3 0.12578125 0.4640625 0.0015625 0.00625
3 0.1265625 0.46328125 0.0015625 0.00625
3 0.128125 0.46328125 0.0015625 0.00703125