0 0.13125 0.5015625 0.00625 0.0296875
3 0.35703125 0.240625 0.01796875 0.053125
3 0.31015625 0.28515625 0.01484375 0.04375
3 0.28203125 0.3125 0.01328125 0.03828125
3 0.2 0.45078125 0.00703125 0.0234375
3 0.0609375 0.35234375 0.009375 0.02890625
3 0.05078125 0.465625 0.00234375 0.00625
3 0.06953125 0.46640625 0.00234375 0.00625
3 0.09140625 0.46640625 0.00234375 0.00625
2 0.05234375 0.50390625 0.02265625 0.01640625
2 0.00546875 0.503125 0.01015625 0.01015625
3 0.12578125 0.46484375 0.0015625 0.00625
3 0.128125 0.46328125 0.0015625 0.00546875
3 0.046875 0.4578125 0.003125 0.00859375
3 0.02265625 0.45625 0.003125 0.00703125
3 0.49140625 0.34375 0.02109375 0.0765625