0 0.13203125 0.50234375 0.0078125 0.0375
3 0.49140625 0.34375 0.021875 0.0765625
3 0.0609375 0.35234375 0.00859375 0.028125
3 0.2 0.45078125 0.00703125 0.02265625
3 0.28203125 0.31171875 0.0140625 0.0375
3 0.3109375 0.28515625 0.015625 0.04296875
3 0.3578125 0.23984375 0.01796875 0.053125
3 0.0515625 0.465625 0.00234375 0.00625
3 0.06953125 0.46640625 0.00234375 0.00546875
3 0.0921875 0.4671875 0.0015625 0.00625
2 0.05234375 0.503125 0.02265625 0.01640625
3 0.12578125 0.46484375 0.0015625 0.00546875
3 0.128125 0.46328125 0.0015625 0.00546875
3 0.046875 0.45703125 0.00234375 0.00859375
3 0.021875 0.45625 0.003125 0.00703125