2 0.05234375 0.503125 0.021875 0.0171875
3 0.490625 0.34453125 0.02265625 0.078125
3 0.3109375 0.28515625 0.01484375 0.04375
3 0.35703125 0.24140625 0.0171875 0.053125
3 0.28203125 0.3125 0.0140625 0.03828125
3 0.2 0.45 0.00625 0.0234375
3 0.06171875 0.3515625 0.01015625 0.028125
3 0.0921875 0.4671875 0.0015625 0.00625
3 0.05078125 0.465625 0.0015625 0.00625
3 0.06953125 0.46640625 0.00234375 0.00546875
2 0.07421875 0.49609375 0.01953125 0.021875
3 0.12578125 0.46484375 0.0015625 0.00625
2 0.65859375 0.50390625 0.028125 0.0140625
3 0.12734375 0.4640625 0.00078125 0.00625
3 0.128125 0.46328125 0.00078125 0.00625
3 0.02265625 0.45703125 0.00234375 0.0078125
3 0.046875 0.4578125 0.003125 0.0078125