0 0.68515625 0.50546875 0.0171875 0.08125
2 0.3375 0.509375 0.04453125 0.0296875
2 0.2765625 0.50078125 0.05390625 0.03203125
2 0.3765625 0.503125 0.0296875 0.0203125
2 0.41640625 0.503125 0.01484375 0.01328125
3 0.3609375 0.4546875 0.003125 0.009375
3 0.3796875 0.4546875 0.003125 0.01015625
3 0.4015625 0.4546875 0.003125 0.01015625
3 0.234375 0.4453125 0.00390625 0.01171875
3 0.23203125 0.425 0.00390625 0.015625
3 0.24609375 0.44765625 0.00390625 0.009375
3 0.25703125 0.45 0.003125 0.00859375
3 0.26875 0.4234375 0.00390625 0.01328125
3 0.30078125 0.42421875 0.00390625 0.01484375
3 0.43359375 0.47265625 0.003125 0.0125
3 0.27578125 0.48046875 0.00234375 0.00703125