0 0.13359375 0.503125 0.01171875 0.0421875
3 0.2 0.45078125 0.00703125 0.021875
3 0.06171875 0.35234375 0.009375 0.02890625
3 0.046875 0.45859375 0.003125 0.009375
3 0.0515625 0.465625 0.00234375 0.00625
3 0.06953125 0.46640625 0.00234375 0.00625
3 0.0921875 0.4671875 0.00234375 0.00546875
3 0.49140625 0.34375 0.02109375 0.07578125
3 0.35703125 0.240625 0.01796875 0.053125
3 0.31015625 0.284375 0.01484375 0.0421875
3 0.2828125 0.31171875 0.01328125 0.03671875
2 0.05234375 0.503125 0.02265625 0.01875
3 0.02265625 0.45703125 0.00234375 0.00703125
3 0.12578125 0.4640625 0.0015625 0.00625
3 0.128125 0.4640625 0.0015625 0.00625