0 0.25625 0.509375 0.0171875 0.06328125
3 0.38203125 0.384375 0.01640625 0.05546875
3 0.303125 0.2890625 0.01484375 0.0421875
3 0.2515625 0.33828125 0.0125 0.03359375
3 0.27109375 0.31875 0.01328125 0.0359375
3 0.059375 0.36796875 0.0078125 0.025
3 0.184375 0.45546875 0.00546875 0.0203125
3 0.04765625 0.4671875 0.00234375 0.00625
3 0.06640625 0.4671875 0.003125 0.00703125
3 0.0859375 0.46796875 0.00234375 0.00625
3 0.121875 0.465625 0.003125 0.00625
2 0.04140625 0.5015625 0.01796875 0.01328125
2 0.0796875 0.5 0.009375 0.00859375
2 0.01328125 0.50390625 0.01171875 0.0109375
2 0.0234375 0.5015625 0.01171875 0.01171875
3 0.01953125 0.459375 0.00234375 0.00859375
3 0.04375 0.459375 0.00234375 0.00859375