0 0.19921875 0.50625 0.01328125 0.040625
3 0.2515625 0.4328125 0.0078125 0.034375
3 0.20234375 0.3859375 0.0046875 0.0203125
3 0.2125 0.3765625 0.00546875 0.021875
3 0.2265625 0.36328125 0.00546875 0.02578125
3 0.1609375 0.465625 0.0046875 0.01484375
3 0.06328125 0.40234375 0.00546875 0.01640625
3 0.0453125 0.46328125 0.0015625 0.00546875
3 0.0484375 0.4703125 0.00234375 0.0046875
3 0.065625 0.4703125 0.0015625 0.00625
3 0.0859375 0.47109375 0.00234375 0.00625
2 0.078125 0.5 0.0078125 0.00859375
2 0.0421875 0.50234375 0.015625 0.01171875
2 0.01796875 0.50390625 0.01171875 0.00859375
2 0.02734375 0.50390625 0.0078125 0.0078125
3 0.0234375 0.4625 0.00234375 0.00625