0 0.13046875 0.50234375 0.0046875 0.02578125
3 0.49140625 0.34453125 0.02109375 0.0765625
3 0.3578125 0.240625 0.01796875 0.05234375
3 0.31015625 0.28515625 0.01484375 0.04296875
3 0.2828125 0.31171875 0.01328125 0.03671875
3 0.2 0.45078125 0.00625 0.02265625
3 0.06171875 0.35234375 0.009375 0.028125
2 0.05234375 0.50390625 0.021875 0.0171875
2 0.0125 0.5015625 0.0203125 0.0125
3 0.0515625 0.465625 0.00234375 0.00625
3 0.06953125 0.46640625 0.00234375 0.00625
3 0.09140625 0.4671875 0.00234375 0.00703125
2 0.11015625 0.50078125 0.0296875 0.0140625
0 0.0828125 0.5015625 0.00703125 0.0140625
3 0.021875 0.45625 0.00234375 0.00703125
3 0.046875 0.4578125 0.003125 0.0078125
3 0.12578125 0.46484375 0.0015625 0.00546875
3 0.128125 0.46328125 0.0015625 0.00625