2 0.0265625 0.5046875 0.03515625 0.02578125
0 0.375 0.515625 0.02578125 0.1015625
2 0.04765625 0.5015625 0.01171875 0.0125
2 0.08203125 0.5 0.01015625 0.009375
0 0.125 0.49765625 0.00703125 0.02578125
3 0.49140625 0.34453125 0.021875 0.07578125
3 0.35703125 0.240625 0.0171875 0.0546875
3 0.2828125 0.3125 0.0140625 0.0375
3 0.3109375 0.284375 0.015625 0.04375
3 0.2 0.45078125 0.00625 0.021875
3 0.0609375 0.3515625 0.01015625 0.028125
3 0.021875 0.45703125 0.00234375 0.00703125
3 0.0515625 0.465625 0.00234375 0.00625
3 0.0703125 0.46640625 0.0015625 0.00546875
3 0.0921875 0.46796875 0.0015625 0.00546875
3 0.046875 0.4578125 0.003125 0.0078125
3 0.12578125 0.46484375 0.0015625 0.00546875
3 0.128125 0.46328125 0.0015625 0.00546875