0 0.07265625 0.5390625 0.07109375 0.2640625
3 0.490625 0.34453125 0.021875 0.0765625
3 0.3578125 0.240625 0.01796875 0.053125
3 0.2828125 0.31171875 0.01328125 0.0375
3 0.3109375 0.28515625 0.01484375 0.04375
3 0.19921875 0.45078125 0.00703125 0.0234375
3 0.06171875 0.35234375 0.009375 0.02890625
0 0.13046875 0.50078125 0.00546875 0.02265625
3 0.12578125 0.46484375 0.0015625 0.00703125
3 0.0515625 0.465625 0.00234375 0.00703125
2 0.01796875 0.503125 0.0125 0.01171875
2 0.02890625 0.503125 0.009375 0.0109375
2 0.03984375 0.50234375 0.0078125 0.0109375
2 0.05 0.50390625 0.01796875 0.015625
3 0.021875 0.45625 0.003125 0.0078125
3 0.046875 0.4578125 0.003125 0.00703125
3 0.128125 0.4640625 0.0015625 0.0078125