2 0.0515625 0.503125 0.02265625 0.015625
0 0.034375 0.50859375 0.01875 0.05234375
2 0.0703125 0.49609375 0.02421875 0.02421875
3 0.49140625 0.34375 0.021875 0.07578125
3 0.3578125 0.240625 0.0171875 0.05390625
3 0.2828125 0.3125 0.0140625 0.0375
3 0.31015625 0.284375 0.015625 0.04375
3 0.2 0.45078125 0.00625 0.02265625
3 0.0609375 0.3515625 0.009375 0.02890625
2 0.6546875 0.503125 0.01640625 0.01328125
3 0.046875 0.4578125 0.003125 0.0078125
3 0.05078125 0.465625 0.00234375 0.00703125
3 0.0703125 0.465625 0.00234375 0.00625
3 0.09140625 0.4671875 0.00234375 0.00625
3 0.021875 0.45703125 0.003125 0.00859375
3 0.12578125 0.4640625 0.0015625 0.00625
3 0.128125 0.4640625 0.0015625 0.00625
3 0.125 0.4875 0.0015625 0.0046875