2 0.05234375 0.50390625 0.021875 0.015625
3 0.490625 0.34375 0.021875 0.07734375
3 0.3578125 0.240625 0.0171875 0.053125
3 0.2828125 0.31171875 0.01328125 0.03671875
3 0.31015625 0.284375 0.01484375 0.04296875
2 0.65390625 0.50234375 0.01796875 0.01328125
2 0.07265625 0.4953125 0.02109375 0.025
3 0.06171875 0.35234375 0.009375 0.02890625
3 0.2 0.45078125 0.00625 0.021875
3 0.05078125 0.465625 0.00234375 0.00625
3 0.12578125 0.46484375 0.0015625 0.00625
3 0.02265625 0.45703125 0.00234375 0.00703125
3 0.046875 0.4578125 0.00234375 0.0078125
3 0.128125 0.46328125 0.0015625 0.00625
3 0.0703125 0.465625 0.0015625 0.00546875
3 0.0921875 0.4671875 0.00234375 0.00625