3 0.49140625 0.34453125 0.0234375 0.07890625
3 0.2828125 0.3125 0.0140625 0.0390625
3 0.31015625 0.28515625 0.0171875 0.04296875
3 0.3578125 0.240625 0.01875 0.05390625
3 0.2 0.45078125 0.00703125 0.021875
3 0.06171875 0.35234375 0.009375 0.02890625
2 0.05234375 0.50390625 0.02421875 0.01640625
2 0.01953125 0.5015625 0.02109375 0.0140625
0 0.13125 0.503125 0.00546875 0.0234375
3 0.0515625 0.465625 0.00234375 0.00703125
0 0.09609375 0.5015625 0.00625 0.01484375
2 0.00390625 0.503125 0.0078125 0.009375
3 0.021875 0.45625 0.00234375 0.0078125
3 0.046875 0.4578125 0.003125 0.00703125
3 0.12578125 0.46484375 0.0015625 0.00546875
3 0.128125 0.46328125 0.0015625 0.00625
3 0.0921875 0.46640625 0.00234375 0.00625
3 0.0703125 0.465625 0.00234375 0.00625