3 0.05625 0.3140625 0.01171875 0.0359375
3 0.225 0.44140625 0.00859375 0.028125
3 0.35625 0.24375 0.0171875 0.05234375
3 0.4125 0.190625 0.01953125 0.065625
3 0.5203125 0.0890625 0.025 0.09296875
2 0.053125 0.50390625 0.02265625 0.01796875
2 0.07734375 0.49609375 0.01953125 0.02265625
3 0.12890625 0.4640625 0.0015625 0.00546875
3 0.1265625 0.4875 0.00234375 0.00546875
3 0.01875 0.4546875 0.003125 0.0078125
3 0.04453125 0.45546875 0.00234375 0.00859375
3 0.06953125 0.465625 0.00234375 0.00703125
3 0.0921875 0.46640625 0.00234375 0.0078125
3 0.05 0.4640625 0.00234375 0.00625
3 0.13046875 0.46171875 0.0015625 0.00703125