2 0.05234375 0.503125 0.021875 0.01640625
0 0.34765625 0.52421875 0.04609375 0.18046875
3 0.490625 0.34453125 0.021875 0.0765625
3 0.3109375 0.28515625 0.01484375 0.04296875
3 0.35703125 0.240625 0.01796875 0.053125
3 0.2828125 0.31171875 0.01328125 0.0375
3 0.2 0.45078125 0.00625 0.02265625
3 0.06171875 0.35234375 0.009375 0.028125
0 0.13125 0.5015625 0.00625 0.0203125
2 0.01796875 0.503125 0.0125 0.0109375
2 0.02890625 0.503125 0.00859375 0.009375
2 0.040625 0.50234375 0.00859375 0.0109375
3 0.12578125 0.46484375 0.00234375 0.0046875
3 0.128125 0.46328125 0.0015625 0.00546875
3 0.05078125 0.465625 0.00234375 0.00625
3 0.06953125 0.4671875 0.00234375 0.00625
3 0.09140625 0.4671875 0.00234375 0.00703125
3 0.021875 0.45703125 0.00234375 0.00703125
3 0.046875 0.4578125 0.00234375 0.00703125