2 0.06015625 0.4953125 0.04921875 0.02578125
0 0.103125 0.50703125 0.025 0.05
3 0.49140625 0.34453125 0.021875 0.07578125
3 0.3578125 0.240625 0.01796875 0.05390625
3 0.2828125 0.31171875 0.0125 0.03671875
3 0.3109375 0.284375 0.01484375 0.04296875
2 0.653125 0.503125 0.01953125 0.0140625
2 0.05234375 0.503125 0.02421875 0.01796875
3 0.2 0.45078125 0.00703125 0.02265625
3 0.06171875 0.35234375 0.01015625 0.028125
3 0.12578125 0.46484375 0.00234375 0.00625
3 0.125 0.4875 0.0015625 0.0046875
3 0.0921875 0.46796875 0.00234375 0.00625
3 0.021875 0.45703125 0.00234375 0.00703125
3 0.046875 0.4578125 0.00234375 0.0078125
3 0.128125 0.46328125 0.0015625 0.00625
3 0.0703125 0.46640625 0.00234375 0.00546875
3 0.05078125 0.465625 0.00234375 0.00703125