0 0.1328125 0.503125 0.0078125 0.028125
3 0.49140625 0.34453125 0.02265625 0.0765625
3 0.3578125 0.240625 0.01796875 0.05390625
3 0.2828125 0.31171875 0.01328125 0.03671875
3 0.3109375 0.28515625 0.015625 0.04296875
3 0.06171875 0.35234375 0.009375 0.02890625
3 0.2 0.45078125 0.00625 0.02265625
3 0.0921875 0.46796875 0.0015625 0.00625
2 0.05234375 0.503125 0.02265625 0.0171875
3 0.02265625 0.45703125 0.00234375 0.00703125
3 0.046875 0.4578125 0.00234375 0.00703125
3 0.12578125 0.46484375 0.0015625 0.00546875
3 0.128125 0.46328125 0.0015625 0.00625
3 0.0703125 0.46640625 0.00234375 0.00546875
3 0.0515625 0.465625 0.00234375 0.00546875