2 0.05234375 0.50390625 0.021875 0.01640625
3 0.490625 0.34453125 0.02109375 0.0765625
3 0.3578125 0.240625 0.01796875 0.05390625
3 0.2828125 0.31171875 0.01328125 0.0375
3 0.31015625 0.284375 0.01484375 0.04375
3 0.2 0.45078125 0.00703125 0.0234375
3 0.0609375 0.35234375 0.009375 0.028125
2 0.01640625 0.503125 0.01171875 0.0109375
2 0.028125 0.503125 0.01015625 0.0109375
2 0.0390625 0.50234375 0.00859375 0.01015625
0 0.109375 0.50078125 0.00546875 0.01640625
0 0.13125 0.5015625 0.00703125 0.025
3 0.0921875 0.4671875 0.00234375 0.00625
3 0.12578125 0.46484375 0.0015625 0.00546875
3 0.128125 0.46328125 0.0015625 0.00625
3 0.021875 0.45625 0.003125 0.00859375
3 0.046875 0.4578125 0.003125 0.0078125
3 0.0703125 0.46640625 0.00234375 0.00546875
3 0.05078125 0.465625 0.00234375 0.00625