3 0.49140625 0.34453125 0.02265625 0.07734375
3 0.3578125 0.240625 0.0171875 0.05390625
3 0.2828125 0.31171875 0.0140625 0.03828125
3 0.3109375 0.28515625 0.015625 0.04296875
3 0.2 0.45078125 0.00703125 0.02265625
3 0.06171875 0.35234375 0.00859375 0.02890625
3 0.021875 0.45625 0.00234375 0.00859375
3 0.046875 0.4578125 0.00234375 0.0078125
3 0.0515625 0.465625 0.00234375 0.00625
2 0.0765625 0.4953125 0.01953125 0.021875
3 0.06953125 0.4671875 0.00234375 0.00703125
3 0.0921875 0.4671875 0.00234375 0.00703125
3 0.125 0.4875 0.00234375 0.0046875
2 0.05234375 0.50390625 0.02265625 0.01640625
2 0.71484375 0.503125 0.01953125 0.01640625
3 0.12578125 0.46484375 0.0015625 0.00625
3 0.128125 0.4640625 0.0015625 0.00703125