2 0.05703125 0.5046875 0.0234375 0.0171875
2 0.08046875 0.496875 0.01953125 0.02109375
3 0.33203125 0.39765625 0.01640625 0.04765625
3 0.0328125 0.1140625 0.02578125 0.08515625
3 0.0484375 0.4609375 0.003125 0.00859375
3 0.0703125 0.4625 0.00234375 0.0078125
3 0.0953125 0.4625 0.00234375 0.00546875
3 0.0421875 0.45 0.003125 0.00859375
3 0.01171875 0.4484375 0.0046875 0.00859375
3 0.13359375 0.4859375 0.0015625 0.0046875
1 0.98359375 0.49140625 0.0140625 0.0140625
3 0.13515625 0.46015625 0.0015625 0.00625
3 0.13671875 0.459375 0.0015625 0.00703125
3 0.13828125 0.45703125 0.0015625 0.0078125