0 0.58671875 0.50625 0.0125 0.05859375
2 0.46328125 0.5015625 0.0421875 0.02265625
2 0.4328125 0.50390625 0.015625 0.0125
2 0.40703125 0.50625 0.03515625 0.021875
2 0.52734375 0.50390625 0.02890625 0.015625
3 0.34296875 0.4453125 0.003125 0.0109375
3 0.36640625 0.44609375 0.0046875 0.0125
3 0.38828125 0.44375 0.003125 0.0109375
3 0.44765625 0.4640625 0.00234375 0.00625
3 0.46171875 0.46328125 0.00234375 0.00703125
3 0.4796875 0.46328125 0.00234375 0.00546875
3 0.35234375 0.45859375 0.003125 0.0078125
3 0.3609375 0.46015625 0.003125 0.0078125
3 0.3703125 0.46171875 0.00234375 0.00625
3 0.50078125 0.45234375 0.0015625 0.0109375
3 0.5046875 0.45390625 0.00234375 0.009375
3 0.496875 0.45 0.0015625 0.00703125