2 0.03359375 0.51015625 0.0671875 0.05
2 0.0765625 0.5203125 0.025 0.02421875
2 0.47421875 0.5125 0.0265625 0.02734375
0 0.4 0.51015625 0.009375 0.02421875
0 0.5921875 0.51796875 0.02109375 0.06953125
3 0.71015625 0.41171875 0.0125 0.04921875
3 0.2765625 0.2515625 0.01328125 0.05078125
3 0.5671875 0.47890625 0.003125 0.0125
3 0.4703125 0.44375 0.003125 0.0109375
3 0.36796875 0.4796875 0.00234375 0.0109375
3 0.903125 0.065625 0.03125 0.090625
3 0.98203125 0.01640625 0.0359375 0.0328125
3 0.56875 0.43671875 0.00234375 0.01171875
3 0.403125 0.43125 0.00390625 0.0125
3 0.43828125 0.43125 0.003125 0.01328125
3 0.46640625 0.43046875 0.00390625 0.01328125
1 0.446875 0.496875 0.0046875 0.00625
3 0.38046875 0.25078125 0.01171875 0.05078125
3 0.5046875 0.25 0.01171875 0.05
3 0.49296875 0.44296875 0.003125 0.009375
3 0.521875 0.44375 0.003125 0.0109375
3 0.3484375 0.475 0.00234375 0.0140625
3 0.57109375 0.43515625 0.0015625 0.01171875
3 0.5734375 0.434375 0.0015625 0.01171875
3 0.53046875 0.46953125 0.00234375 0.00546875
3 0.5296875 0.46171875 0.00234375 0.00625
3 0.5453125 0.46953125 0.00234375 0.00625
3 0.51796875 0.46953125 0.00234375 0.0046875