0 0.25703125 0.5125 0.009375 0.0375
3 0.25703125 0.41171875 0.0046875 0.0171875
3 0.30703125 0.38515625 0.00546875 0.02109375
3 0.36484375 0.38515625 0.00546875 0.02109375
3 0.41328125 0.38515625 0.0046875 0.02265625
3 0.4265625 0.41796875 0.0046875 0.0171875
3 0.46015625 0.41796875 0.0046875 0.01640625
3 0.503125 0.4171875 0.0046875 0.015625
3 0.57109375 0.471875 0.00390625 0.01640625
3 0.51015625 0.45078125 0.00390625 0.01171875
3 0.51015625 0.46328125 0.00390625 0.009375
3 0.528125 0.46328125 0.00390625 0.0109375
3 0.49453125 0.46328125 0.003125 0.009375
1 0.4046875 0.496875 0.00546875 0.00703125
0 0.33203125 0.50859375 0.0078125 0.028125
2 0.4609375 0.51328125 0.028125 0.028125
2 0.48046875 0.49765625 0.02421875 0.03828125
3 0.27265625 0.47109375 0.00390625 0.01640625
3 0.57890625 0.40234375 0.003125 0.01875
3 0.24765625 0.40625 0.0046875 0.01796875
3 0.23828125 0.40390625 0.0046875 0.0171875
3 0.58359375 0.39921875 0.00390625 0.01953125
3 0.58828125 0.39375 0.00390625 0.01953125