2 0.434375 0.49375 0.08828125 0.0515625
0 0.6125 0.51953125 0.02109375 0.090625
3 0.90234375 0.0640625 0.03359375 0.090625
3 0.98125 0.01640625 0.0375 0.0328125
3 0.71015625 0.409375 0.015625 0.05390625
3 0.5046875 0.25 0.01484375 0.05078125
3 0.3796875 0.25 0.01484375 0.0515625
3 0.27734375 0.2515625 0.01484375 0.05546875
3 0.56640625 0.47890625 0.00390625 0.01484375
3 0.46953125 0.4421875 0.0046875 0.0125
3 0.49375 0.44296875 0.00390625 0.01328125
3 0.521875 0.44296875 0.00390625 0.0125
3 0.5296875 0.459375 0.003125 0.00703125
3 0.36796875 0.47890625 0.003125 0.0109375
3 0.403125 0.43125 0.0046875 0.0171875
3 0.43828125 0.43125 0.00390625 0.01640625
3 0.46640625 0.43046875 0.0046875 0.015625
2 0.3921875 0.5109375 0.0265625 0.02421875
2 0.47421875 0.5125 0.02734375 0.0265625
0 0.35703125 0.5078125 0.00625 0.02578125
2 0.03203125 0.51015625 0.0640625 0.04609375
2 0.07734375 0.51953125 0.02109375 0.02421875