2 0.0890625 0.5125 0.12578125 0.11015625
3 0.79609375 0.0203125 0.03125 0.03984375
3 0.6359375 0.40546875 0.01796875 0.06015625
3 0.16171875 0.22421875 0.01640625 0.05625
3 0.446875 0.4171875 0.00390625 0.015625
3 0.42421875 0.44609375 0.003125 0.0078125
3 0.30078125 0.45 0.00234375 0.01171875
1 0.2765625 0.49375 0.0078125 0.0109375
2 0.21171875 0.4890625 0.0484375 0.03359375
3 0.278125 0.225 0.01328125 0.05625
3 0.4171875 0.228125 0.0140625 0.05625
3 0.446875 0.4453125 0.003125 0.0078125
3 0.4734375 0.44609375 0.003125 0.0078125
3 0.303125 0.45234375 0.00234375 0.0109375
3 0.30625 0.453125 0.0015625 0.00859375