2 0.3578125 0.53984375 0.08828125 0.07890625
0 0.60859375 0.51484375 0.0125 0.04765625
3 0.140625 0.3703125 0.009375 0.025
3 0.2046875 0.4625 0.0078125 0.0203125
3 0.1859375 0.33359375 0.009375 0.03125
3 0.2703125 0.3328125 0.00859375 0.03203125
3 0.34140625 0.33203125 0.00859375 0.034375
3 0.40234375 0.39609375 0.00546875 0.02109375
3 0.44609375 0.3953125 0.00703125 0.01953125
3 0.49921875 0.396875 0.00625 0.0234375
3 0.58515625 0.4640625 0.00546875 0.0203125
3 0.5453125 0.484375 0.00390625 0.00859375
3 0.47109375 0.45859375 0.00390625 0.0125
3 0.4890625 0.459375 0.0046875 0.01328125
3 0.5109375 0.4578125 0.00390625 0.01171875
2 0.50078125 0.503125 0.01015625 0.01640625
2 0.46484375 0.50625 0.01640625 0.01640625
2 0.44921875 0.5078125 0.01171875 0.0140625
2 0.440625 0.50859375 0.01171875 0.01328125
2 0.4078125 0.51328125 0.02734375 0.02734375
3 0.39296875 0.4859375 0.003125 0.01015625
3 0.615625 0.37109375 0.0078125 0.02578125
2 0.01171875 0.50703125 0.0234375 0.02890625
2 0.0375 0.5125 0.0578125 0.02734375
2 0.10390625 0.509375 0.07265625 0.03671875
2 0.13515625 0.50859375 0.03515625 0.034375
2 0.20234375 0.50703125 0.04375 0.028125
2 0.23046875 0.51171875 0.0109375 0.0171875
3 0.0515625 0.44140625 0.00546875 0.03359375
3 0.64375 0.44375 0.0078125 0.03359375
3 0.1578125 0.3765625 0.00859375 0.025
3 0.1765625 0.38359375 0.00859375 0.0234375
3 0.62265625 0.3640625 0.0078125 0.0265625
3 0.63046875 0.3578125 0.00859375 0.028125