3 0.2765625 0.25078125 0.01328125 0.04921875
3 0.38046875 0.25078125 0.0125 0.04921875
3 0.50546875 0.25078125 0.0125 0.04921875
3 0.7109375 0.4109375 0.015625 0.05
3 0.903125 0.06484375 0.03359375 0.0921875
3 0.4703125 0.44375 0.00390625 0.0109375
0 0.56953125 0.5078125 0.009375 0.03515625
3 0.5671875 0.478125 0.003125 0.01171875
2 0.50859375 0.503125 0.0109375 0.01796875
2 0.4625 0.50625 0.0203125 0.0203125
2 0.425 0.52265625 0.05234375 0.0484375
2 0.2640625 0.53203125 0.078125 0.06875
2 0.0328125 0.509375 0.065625 0.046875
2 0.07734375 0.51953125 0.021875 0.02421875
3 0.98203125 0.01640625 0.0359375 0.03125
3 0.36796875 0.4796875 0.00234375 0.009375
3 0.403125 0.43203125 0.00390625 0.01328125
3 0.43828125 0.43203125 0.00390625 0.01484375
3 0.46640625 0.43125 0.003125 0.0140625
3 0.56953125 0.4359375 0.00234375 0.0125
3 0.57265625 0.434375 0.003125 0.01171875
3 0.49375 0.44296875 0.00390625 0.01015625
3 0.521875 0.44375 0.003125 0.0109375