2 0.0890625 0.5125 0.125 0.11015625
3 0.7984375 0.021875 0.02890625 0.04296875
3 0.63828125 0.4046875 0.01484375 0.053125
3 0.1609375 0.22265625 0.01640625 0.05625
3 0.27890625 0.22578125 0.01328125 0.05390625
3 0.4171875 0.228125 0.01328125 0.0546875
3 0.446875 0.4171875 0.00390625 0.015625
3 0.42421875 0.446875 0.00390625 0.01328125
3 0.44609375 0.446875 0.003125 0.0109375
3 0.4734375 0.446875 0.00390625 0.01171875
2 0.44375 0.51015625 0.02421875 0.02734375
2 0.40234375 0.51171875 0.0234375 0.02578125
3 0.3109375 0.48359375 0.003125 0.00859375
3 0.30078125 0.4515625 0.00234375 0.0109375
1 0.2765625 0.49375 0.0078125 0.009375
3 0.30390625 0.453125 0.00234375 0.009375
3 0.30625 0.45390625 0.0015625 0.00703125