2 0.415625 0.49375 0.05546875 0.0421875
0 0.0859375 0.51484375 0.0171875 0.06484375
2 0.45 0.5125 0.0265625 0.0296875
1 0.3484375 0.49453125 0.0078125 0.0109375
3 0.36640625 0.45546875 0.00234375 0.00859375
3 0.50078125 0.425 0.00390625 0.01484375
3 0.4796875 0.45 0.00390625 0.01015625
3 0.5 0.45078125 0.00390625 0.01171875
3 0.525 0.45 0.00390625 0.01015625
3 0.64296875 0.43046875 0.01015625 0.0390625
3 0.3046875 0.3046875 0.009375 0.03828125
3 0.3859375 0.30546875 0.009375 0.0390625
3 0.484375 0.30546875 0.00859375 0.0375
3 0.9171875 0.2984375 0.03515625 0.1171875
3 0.790625 0.103125 0.028125 0.084375
3 0.70859375 0.20390625 0.0203125 0.06015625
3 0.73984375 0.16484375 0.02421875 0.06875