0 0.584375 0.51171875 0.0125 0.05546875
0 0.4921875 0.51015625 0.00703125 0.025
1 0.44609375 0.496875 0.0046875 0.00546875
3 0.4703125 0.44296875 0.003125 0.0109375
3 0.5671875 0.4796875 0.003125 0.009375
3 0.36796875 0.4796875 0.00234375 0.01015625
3 0.40390625 0.43125 0.003125 0.0125
3 0.43828125 0.43125 0.003125 0.0140625
3 0.46640625 0.43125 0.003125 0.01484375
3 0.2765625 0.2515625 0.01328125 0.0484375
3 0.38046875 0.2515625 0.01328125 0.04765625
3 0.50546875 0.25078125 0.01328125 0.05
3 0.71015625 0.4109375 0.01328125 0.05
3 0.90234375 0.065625 0.03203125 0.09140625
3 0.98125 0.01640625 0.0375 0.0328125
2 0.4734375 0.51171875 0.0265625 0.02734375
2 0.40625 0.50859375 0.0359375 0.0203125
2 0.07890625 0.51875 0.0234375 0.0234375
2 0.0328125 0.509375 0.065625 0.046875
3 0.49375 0.44296875 0.00390625 0.01015625
3 0.52109375 0.44375 0.003125 0.01171875