0 0.2921875 0.53046875 0.03671875 0.09453125
3 0.9015625 0.0640625 0.03359375 0.0921875
3 0.98203125 0.01640625 0.0359375 0.0328125
3 0.71015625 0.4109375 0.015625 0.0484375
3 0.2765625 0.2515625 0.01484375 0.05
3 0.38046875 0.25 0.0140625 0.05
3 0.50546875 0.2515625 0.01328125 0.04921875
3 0.5296875 0.4609375 0.0015625 0.00703125
3 0.4703125 0.44296875 0.003125 0.0125
3 0.49296875 0.44296875 0.003125 0.01171875
3 0.521875 0.44296875 0.00234375 0.0109375
3 0.5671875 0.47890625 0.003125 0.01015625
2 0.49921875 0.49765625 0.02890625 0.0390625
2 0.47421875 0.5125 0.02734375 0.0265625
1 0.44609375 0.496875 0.00390625 0.00546875
0 0.41484375 0.50546875 0.0046875 0.01875
0 0.35234375 0.5078125 0.00703125 0.025
3 0.36796875 0.4796875 0.003125 0.0109375
2 0.25078125 0.52421875 0.0546875 0.0484375
2 0.03359375 0.50859375 0.0671875 0.0484375
2 0.078125 0.51875 0.0203125 0.02421875
3 0.46640625 0.43125 0.003125 0.01484375
3 0.43828125 0.43125 0.003125 0.01328125
3 0.40390625 0.43125 0.00390625 0.0125
3 0.56953125 0.43671875 0.00234375 0.01015625
3 0.571875 0.43515625 0.00234375 0.01015625