2 0.090625 0.51171875 0.12109375 0.11171875
3 0.7953125 0.0203125 0.03359375 0.040625
3 0.63828125 0.4046875 0.0140625 0.05234375
3 0.16171875 0.2234375 0.01484375 0.0546875
3 0.27890625 0.22578125 0.01328125 0.0546875
3 0.4171875 0.228125 0.0125 0.05390625
3 0.446875 0.4171875 0.00390625 0.015625
3 0.42421875 0.44609375 0.003125 0.01171875
3 0.446875 0.446875 0.003125 0.009375
3 0.4734375 0.446875 0.003125 0.0109375
2 0.49296875 0.5046875 0.0328125 0.025
2 0.44375 0.5109375 0.02421875 0.02578125
2 0.40234375 0.51171875 0.0234375 0.02578125
1 0.2765625 0.49375 0.0078125 0.01171875
3 0.30234375 0.45078125 0.00234375 0.009375
3 0.3109375 0.48359375 0.00234375 0.00703125
3 0.22421875 0.4078125 0.00390625 0.01796875