2 0.8453125 0.6640625 0.309375 0.284375
2 0.0890625 0.5125 0.1265625 0.1140625
2 0.3234375 0.5078125 0.0421875 0.01640625
2 0.215625 0.4890625 0.040625 0.03203125
1 0.2765625 0.49375 0.00859375 0.009375
3 0.446875 0.4171875 0.00390625 0.015625
3 0.425 0.44765625 0.003125 0.0125
3 0.446875 0.446875 0.00390625 0.0109375
3 0.4734375 0.446875 0.003125 0.01015625
3 0.63828125 0.40546875 0.015625 0.05625
3 0.4171875 0.22734375 0.0140625 0.053125
3 0.278125 0.2265625 0.01484375 0.05625
3 0.1609375 0.2234375 0.01484375 0.05703125
3 0.3015625 0.45234375 0.00234375 0.0125
3 0.3109375 0.4828125 0.003125 0.009375
3 0.79609375 0.01953125 0.03515625 0.0390625