0 0.596875 0.51796875 0.02109375 0.084375
3 0.98203125 0.01640625 0.03515625 0.03203125
3 0.903125 0.06484375 0.0328125 0.0921875
3 0.71015625 0.41015625 0.01328125 0.04921875
3 0.50546875 0.25078125 0.0125 0.04921875
3 0.38046875 0.2515625 0.0125 0.05
3 0.2765625 0.25 0.0140625 0.05078125
3 0.5671875 0.47890625 0.003125 0.01015625
3 0.4703125 0.44375 0.003125 0.0109375
3 0.49375 0.44453125 0.00390625 0.0125
3 0.521875 0.44375 0.003125 0.01171875
3 0.5296875 0.4609375 0.00234375 0.00703125
2 0.47421875 0.5125 0.0265625 0.02734375
2 0.35625 0.4953125 0.0890625 0.0515625
0 0.42265625 0.50390625 0.0046875 0.01875
1 0.446875 0.49609375 0.0046875 0.00625
3 0.40390625 0.43125 0.003125 0.01171875
3 0.43828125 0.43203125 0.003125 0.01328125
3 0.46640625 0.43125 0.003125 0.01328125
2 0.0328125 0.509375 0.065625 0.046875
2 0.078125 0.5203125 0.02265625 0.02421875
3 0.56953125 0.43671875 0.00234375 0.0109375
3 0.57265625 0.43515625 0.00234375 0.01015625