3 0.16171875 0.22265625 0.015625 0.0546875
3 0.27890625 0.225 0.0140625 0.05703125
3 0.4171875 0.228125 0.01328125 0.0546875
2 0.40234375 0.51171875 0.02421875 0.02421875
2 0.44375 0.509375 0.025 0.0265625
3 0.42421875 0.44765625 0.003125 0.0109375
3 0.446875 0.41796875 0.00390625 0.015625
3 0.63828125 0.40390625 0.01484375 0.05234375
1 0.27578125 0.49375 0.00859375 0.01015625
3 0.30078125 0.4515625 0.00234375 0.01328125
3 0.31015625 0.48359375 0.0015625 0.00859375
3 0.7953125 0.02109375 0.03203125 0.04140625
3 0.446875 0.446875 0.00234375 0.009375
3 0.4734375 0.446875 0.003125 0.009375
3 0.303125 0.45234375 0.00234375 0.0125
3 0.30546875 0.453125 0.0015625 0.009375