3 0.2765625 0.25078125 0.01328125 0.04921875
3 0.38046875 0.2515625 0.0125 0.0484375
3 0.5046875 0.25078125 0.0125 0.04921875
3 0.71015625 0.4109375 0.01328125 0.05
0 0.5890625 0.51328125 0.0171875 0.06171875
2 0.0328125 0.51015625 0.065625 0.0484375
2 0.47421875 0.5125 0.0265625 0.02578125
2 0.43671875 0.50625 0.0078125 0.03125
3 0.5671875 0.47890625 0.00390625 0.01015625
3 0.4703125 0.44296875 0.003125 0.0109375
3 0.903125 0.065625 0.03125 0.09140625
3 0.98203125 0.01640625 0.0359375 0.03203125
2 0.07890625 0.5203125 0.0265625 0.02421875
3 0.36796875 0.4796875 0.0015625 0.009375
3 0.40390625 0.43125 0.003125 0.01328125
3 0.43828125 0.43125 0.003125 0.01328125
3 0.46640625 0.43125 0.003125 0.01328125
1 0.446875 0.49609375 0.0046875 0.00546875
3 0.56875 0.43671875 0.0015625 0.01171875
3 0.57109375 0.4359375 0.00234375 0.01171875
3 0.57265625 0.434375 0.0015625 0.01171875
3 0.49296875 0.44296875 0.00390625 0.01171875
3 0.521875 0.44296875 0.003125 0.01171875