2 0.0484375 0.51484375 0.09609375 0.12109375
3 0.08828125 0.18671875 0.0171875 0.06328125
3 0.22265625 0.190625 0.01640625 0.06171875
3 0.38046875 0.19453125 0.01484375 0.0609375
3 0.63046875 0.3953125 0.01640625 0.0578125
3 0.4015625 0.44765625 0.00390625 0.0125
3 0.4234375 0.446875 0.00390625 0.01171875
3 0.45078125 0.4484375 0.00390625 0.0140625
3 0.42265625 0.415625 0.00546875 0.0171875
1 0.246875 0.49609375 0.00859375 0.01328125
2 0.17578125 0.4921875 0.06171875 0.03515625
3 0.190625 0.40625 0.00546875 0.01953125