2 0.31328125 0.55078125 0.11796875 0.10234375
0 0.703125 0.528125 0.0234375 0.08359375
3 0.11953125 0.09296875 0.02421875 0.09296875
3 0.03203125 0.440625 0.0140625 0.03359375
3 0.825 0.37109375 0.0203125 0.07421875
3 0.709375 0.26953125 0.01484375 0.046875
3 0.7296875 0.24765625 0.01640625 0.0515625
3 0.76015625 0.21328125 0.01953125 0.05859375
3 0.6328125 0.4421875 0.009375 0.03203125
3 0.49765625 0.33515625 0.0078125 0.03125
3 0.41484375 0.3359375 0.0078125 0.03203125
3 0.34609375 0.33515625 0.0078125 0.03203125
3 0.55390625 0.4828125 0.003125 0.0109375
3 0.5203125 0.4640625 0.00234375 0.0078125
3 0.5125 0.45 0.003125 0.01015625
3 0.4875 0.45078125 0.003125 0.009375
3 0.46640625 0.45078125 0.003125 0.0109375
3 0.4640625 0.43984375 0.003125 0.0109375
3 0.4390625 0.440625 0.00390625 0.01171875
3 0.40859375 0.440625 0.00234375 0.009375
2 0.50078125 0.50390625 0.0109375 0.01640625
2 0.459375 0.50703125 0.01875 0.01875
2 0.440625 0.50859375 0.0125 0.015625
2 0.43125 0.50859375 0.0125 0.015625
0 0.55234375 0.50703125 0.00703125 0.02734375
3 0.37421875 0.48203125 0.00234375 0.009375
2 0.10703125 0.509375 0.06171875 0.03984375
2 0.14765625 0.5171875 0.0171875 0.02109375