3 0.1609375 0.2234375 0.015625 0.05625
3 0.27890625 0.22578125 0.0140625 0.05546875
3 0.4171875 0.228125 0.01328125 0.05546875
3 0.63828125 0.4046875 0.015625 0.05234375
2 0.40234375 0.51171875 0.0234375 0.025
2 0.44375 0.51015625 0.025 0.0265625
3 0.42421875 0.44765625 0.00390625 0.01171875
2 0.26015625 0.5046875 0.0546875 0.0578125
3 0.446875 0.41796875 0.0046875 0.01640625
3 0.7984375 0.02109375 0.028125 0.0421875
3 0.3015625 0.45234375 0.003125 0.0140625
3 0.3109375 0.48359375 0.00390625 0.00859375
3 0.446875 0.446875 0.003125 0.0109375
3 0.4734375 0.446875 0.003125 0.01015625