2 0.4734375 0.51328125 0.0265625 0.028125
2 0.49609375 0.49765625 0.025 0.03828125
0 0.3078125 0.51171875 0.00703125 0.0328125
0 0.36953125 0.5078125 0.00546875 0.02109375
3 0.29140625 0.4203125 0.003125 0.01015625
3 0.3171875 0.47421875 0.003125 0.0140625
3 0.3546875 0.40546875 0.0046875 0.0171875
3 0.40234375 0.4046875 0.0046875 0.01796875
3 0.44296875 0.4046875 0.00390625 0.01796875
3 0.45078125 0.42734375 0.0046875 0.015625
3 0.48125 0.428125 0.0046875 0.01484375
3 0.51796875 0.428125 0.00390625 0.015625
3 0.58359375 0.41640625 0.003125 0.015625
3 0.578125 0.475 0.0046875 0.01328125
3 0.51015625 0.46640625 0.00390625 0.009375
3 0.52421875 0.4671875 0.00390625 0.009375
3 0.525 0.4546875 0.00390625 0.009375
3 0.5421875 0.46796875 0.00390625 0.00859375
1 0.4265625 0.496875 0.00546875 0.00703125
3 0.58671875 0.41328125 0.003125 0.01640625
3 0.58984375 0.4109375 0.003125 0.01640625
3 0.2984375 0.4203125 0.003125 0.0140625
3 0.30625 0.42265625 0.003125 0.0140625