2 0.0890625 0.5125 0.125 0.11015625
3 0.796875 0.02109375 0.0328125 0.03984375
3 0.6390625 0.4046875 0.0140625 0.0546875
3 0.4171875 0.228125 0.01328125 0.05625
3 0.278125 0.22578125 0.01328125 0.05546875
3 0.16171875 0.2234375 0.0140625 0.05625
3 0.446875 0.41640625 0.0046875 0.01484375
3 0.44609375 0.44609375 0.00390625 0.01171875
3 0.4734375 0.44609375 0.00390625 0.0109375
3 0.42421875 0.44765625 0.003125 0.0125
3 0.3015625 0.4515625 0.003125 0.0125
3 0.3109375 0.48359375 0.003125 0.0078125
1 0.27578125 0.49375 0.00859375 0.0109375
2 0.21171875 0.48984375 0.0484375 0.034375