0 0.5875 0.5125 0.01640625 0.05859375
2 0.0328125 0.50859375 0.065625 0.0484375
2 0.07734375 0.51953125 0.021875 0.02421875
3 0.2765625 0.2515625 0.01328125 0.05
3 0.38046875 0.25 0.0125 0.05
3 0.50546875 0.25078125 0.0125 0.05234375
3 0.7109375 0.4109375 0.01171875 0.04921875
3 0.90234375 0.065625 0.03203125 0.09296875
3 0.98203125 0.0171875 0.03515625 0.03203125
3 0.46953125 0.44296875 0.003125 0.0109375
3 0.49375 0.44453125 0.00390625 0.0125
3 0.521875 0.44296875 0.003125 0.0125
3 0.5671875 0.47890625 0.00234375 0.01015625
3 0.56953125 0.43671875 0.00234375 0.0125
0 0.4546875 0.50703125 0.00625 0.025
3 0.36796875 0.4796875 0.0015625 0.01015625
2 0.47421875 0.51171875 0.02734375 0.0265625
1 0.446875 0.496875 0.0046875 0.00625
3 0.40390625 0.43125 0.003125 0.0125
3 0.4375 0.43203125 0.00234375 0.01328125
3 0.46640625 0.43046875 0.00390625 0.0125
3 0.57265625 0.434375 0.00234375 0.01171875