2 0.45 0.51328125 0.02734375 0.02734375
0 0.0390625 0.51953125 0.01953125 0.0625
0 0.18671875 0.5125 0.01640625 0.0515625
3 0.02734375 0.33125 0.0125 0.0328125
3 0.08046875 0.44765625 0.01015625 0.0296875
3 0.13984375 0.21171875 0.015625 0.05546875
3 0.2609375 0.21171875 0.01484375 0.05859375
3 0.71328125 0.39609375 0.01796875 0.05859375
3 0.63984375 0.30078125 0.01328125 0.0390625
3 0.60859375 0.446875 0.00625 0.02578125
3 0.48828125 0.35234375 0.00625 0.028125
3 0.4140625 0.353125 0.00625 0.02734375
3 0.35234375 0.35234375 0.00703125 0.028125
3 0.50078125 0.4328125 0.003125 0.01015625
3 0.50078125 0.45390625 0.00234375 0.00859375
3 0.52265625 0.4546875 0.003125 0.00859375
3 0.48125 0.45390625 0.003125 0.00859375
2 0.45234375 0.49375 0.04140625 0.04453125
1 0.3625 0.4953125 0.00703125 0.00859375
3 0.6546875 0.2828125 0.01328125 0.04453125
3 0.675 0.2609375 0.01640625 0.04921875