0 0.12890625 0.51640625 0.015625 0.0515625
3 0.0921875 0.353125 0.0109375 0.028125
3 0.1125 0.36171875 0.0109375 0.0265625
3 0.13515625 0.37109375 0.009375 0.02578125
3 0.16640625 0.4578125 0.0078125 0.021875
3 0.16328125 0.30859375 0.0109375 0.03515625
3 0.26015625 0.30859375 0.009375 0.0359375
3 0.340625 0.3078125 0.00859375 0.0375
0 0.25078125 0.50859375 0.0125 0.0421875
3 0.64140625 0.43125 0.01015625 0.0375
3 0.6046875 0.35234375 0.00859375 0.02890625
3 0.5875 0.45859375 0.00546875 0.02109375
3 0.38359375 0.38359375 0.00625 0.0234375
3 0.43203125 0.3828125 0.00625 0.021875
3 0.490625 0.3828125 0.00546875 0.021875
3 0.50078125 0.440625 0.00390625 0.0125
3 0.4828125 0.45859375 0.003125 0.01015625
3 0.5 0.45859375 0.00234375 0.00859375
3 0.52109375 0.4578125 0.00234375 0.009375
2 0.46875 0.496875 0.025 0.0390625
2 0.4515625 0.51328125 0.02578125 0.02734375
1 0.37578125 0.4953125 0.00546875 0.00859375
3 0.38984375 0.48671875 0.00234375 0.00859375
3 0.6140625 0.3421875 0.0078125 0.03125
3 0.6234375 0.33046875 0.01015625 0.0328125
3 0.3859375 0.4609375 0.00234375 0.00625