0 0.2953125 0.66328125 0.16015625 0.51640625
3 0.90234375 0.06484375 0.03359375 0.09453125
3 0.9828125 0.0171875 0.034375 0.034375
3 0.71015625 0.4109375 0.01328125 0.0484375
2 0.03203125 0.509375 0.06328125 0.04765625
2 0.078125 0.51875 0.0234375 0.025
2 0.25078125 0.53203125 0.0515625 0.06953125
2 0.43125 0.51171875 0.0125 0.01328125
2 0.440625 0.5078125 0.01640625 0.01875
2 0.459375 0.5078125 0.0140625 0.02109375
2 0.47421875 0.51171875 0.0265625 0.0265625
0 0.5828125 0.509375 0.01171875 0.0453125
3 0.36796875 0.4796875 0.00234375 0.009375
3 0.46640625 0.43046875 0.003125 0.01328125
3 0.43828125 0.43046875 0.003125 0.01328125
3 0.40390625 0.43125 0.003125 0.0125
3 0.4703125 0.44296875 0.00234375 0.01015625
3 0.49375 0.44296875 0.003125 0.01015625
3 0.521875 0.44296875 0.003125 0.01171875
3 0.5671875 0.47890625 0.003125 0.0109375
3 0.5296875 0.4609375 0.00234375 0.0078125
3 0.2765625 0.25078125 0.0140625 0.05
3 0.38046875 0.25078125 0.01171875 0.05
3 0.50546875 0.25078125 0.01328125 0.05078125
3 0.56953125 0.43671875 0.00234375 0.01328125
3 0.57265625 0.434375 0.00234375 0.01171875