0 0.63828125 0.66171875 0.1015625 0.51015625
3 0.90234375 0.0640625 0.034375 0.09609375
3 0.98359375 0.015625 0.0328125 0.03046875
3 0.709375 0.4109375 0.015625 0.05390625
3 0.5046875 0.25078125 0.01484375 0.0515625
3 0.3796875 0.25 0.01328125 0.0515625
3 0.2765625 0.2515625 0.01484375 0.05078125
3 0.51796875 0.46953125 0.00234375 0.00625
3 0.5296875 0.46015625 0.00234375 0.00703125
3 0.4703125 0.44375 0.00234375 0.0109375
3 0.49375 0.44296875 0.003125 0.009375
3 0.52109375 0.44375 0.00234375 0.01015625
3 0.5671875 0.47890625 0.003125 0.01015625
3 0.36796875 0.4796875 0.00234375 0.009375
0 0.58046875 0.50859375 0.009375 0.0421875
2 0.43125 0.51015625 0.0125 0.015625
2 0.43984375 0.5078125 0.0171875 0.01796875
2 0.459375 0.50703125 0.0140625 0.0203125
2 0.47421875 0.5125 0.0265625 0.0265625
2 0.2640625 0.5328125 0.07890625 0.06953125
2 0.03359375 0.5109375 0.0671875 0.04609375
2 0.0796875 0.51875 0.0234375 0.02421875
3 0.56953125 0.4359375 0.003125 0.0109375
3 0.46640625 0.43046875 0.003125 0.01328125
3 0.4375 0.43125 0.003125 0.0125
3 0.40390625 0.43125 0.003125 0.0125
3 0.57265625 0.434375 0.00234375 0.01171875
3 0.53046875 0.46875 0.0015625 0.0046875
3 0.5453125 0.46953125 0.00234375 0.00390625