2 0.35078125 0.5421875 0.0921875 0.084375
2 0.01796875 0.50390625 0.03359375 0.01171875
2 0.065625 0.5 0.0453125 0.01875
2 0.1 0.503125 0.0203125 0.01484375
2 0.1515625 0.509375 0.04375 0.02109375
2 0.2046875 0.50625 0.05859375 0.03046875
2 0.2609375 0.50546875 0.0359375 0.02265625
2 0.50078125 0.503125 0.01015625 0.01484375
2 0.46875 0.50625 0.0140625 0.0140625
2 0.446875 0.50859375 0.015625 0.0171875
0 0.5859375 0.5078125 0.00859375 0.03125
3 0.5625 0.4734375 0.0046875 0.01484375
3 0.53984375 0.4875 0.003125 0.0078125
3 0.509375 0.46328125 0.00234375 0.00703125
3 0.49921875 0.4234375 0.0046875 0.0140625
3 0.4609375 0.4234375 0.0046875 0.0140625
3 0.428125 0.42421875 0.0046875 0.015625
3 0.3015625 0.39375 0.0046875 0.01875
3 0.2515625 0.4109375 0.00625 0.0171875
3 0.284375 0.47265625 0.0046875 0.01484375
3 0.3546875 0.39375 0.0046875 0.0203125
3 0.39921875 0.39375 0.00546875 0.0203125
3 0.2140625 0.4625 0.0046875 0.02109375
3 0.259375 0.4140625 0.00390625 0.0171875
3 0.26796875 0.4171875 0.00390625 0.01640625
2 0.45859375 0.50546875 0.0078125 0.01171875
3 0.58046875 0.41015625 0.003125 0.0171875
3 0.58359375 0.409375 0.00234375 0.01875
3 0.5875 0.4078125 0.003125 0.015625