0 0.59609375 0.51953125 0.02109375 0.07890625
3 0.98125 0.0203125 0.0375 0.040625
3 0.903125 0.06484375 0.0328125 0.09140625
3 0.7109375 0.41015625 0.01484375 0.05078125
3 0.50546875 0.25 0.0125 0.0484375
3 0.3796875 0.25078125 0.01171875 0.0484375
3 0.2765625 0.25078125 0.01328125 0.04921875
3 0.4703125 0.44375 0.003125 0.0109375
3 0.49375 0.44296875 0.003125 0.01015625
3 0.52109375 0.44375 0.00234375 0.01015625
3 0.5671875 0.47890625 0.003125 0.0109375
3 0.5296875 0.4609375 0.00234375 0.00703125
2 0.47421875 0.51171875 0.0265625 0.0265625
1 0.446875 0.496875 0.00390625 0.00625
0 0.37578125 0.50703125 0.00625 0.0296875
3 0.36796875 0.47890625 0.00234375 0.01015625
3 0.40390625 0.43125 0.003125 0.0125
3 0.4375 0.43125 0.003125 0.0125
3 0.46640625 0.43046875 0.003125 0.0140625
2 0.0328125 0.51015625 0.065625 0.0484375
2 0.078125 0.51953125 0.025 0.025
3 0.56875 0.43671875 0.003125 0.0125
3 0.57265625 0.434375 0.00234375 0.0109375