3 0.98203125 0.0171875 0.0359375 0.034375
3 0.903125 0.065625 0.03515625 0.0984375
3 0.71015625 0.4109375 0.01328125 0.05
3 0.5046875 0.2515625 0.01171875 0.05078125
3 0.38046875 0.2515625 0.0125 0.0484375
3 0.2765625 0.25078125 0.01328125 0.05078125
3 0.4703125 0.44296875 0.003125 0.0109375
3 0.49375 0.44296875 0.003125 0.00859375
3 0.521875 0.44375 0.00234375 0.01015625
3 0.36796875 0.4796875 0.00234375 0.01015625
3 0.5671875 0.4796875 0.003125 0.01015625
3 0.52890625 0.46015625 0.003125 0.009375
2 0.47421875 0.51171875 0.02734375 0.0265625
0 0.41953125 0.5078125 0.00703125 0.02734375
0 0.590625 0.515625 0.01640625 0.065625
3 0.40390625 0.43125 0.003125 0.01171875
3 0.4375 0.43125 0.003125 0.0125
3 0.46640625 0.43046875 0.003125 0.01328125
2 0.03359375 0.51015625 0.06640625 0.04765625
2 0.07890625 0.51875 0.02421875 0.025
1 0.44609375 0.496875 0.0046875 0.00546875
3 0.56953125 0.43671875 0.00234375 0.0109375
3 0.57265625 0.43515625 0.00234375 0.0109375