0 0.071875 0.53046875 0.01953125 0.103125
3 0.27578125 0.25078125 0.0140625 0.05
3 0.90390625 0.06484375 0.03515625 0.0921875
3 0.98046875 0.0171875 0.03828125 0.03359375
3 0.7109375 0.4109375 0.01484375 0.05
3 0.3796875 0.25 0.01328125 0.0484375
3 0.5046875 0.25 0.01328125 0.04921875
3 0.4703125 0.44453125 0.00234375 0.01015625
3 0.49375 0.44453125 0.003125 0.01015625
3 0.52109375 0.44453125 0.003125 0.009375
3 0.56875 0.43671875 0.003125 0.0109375
2 0.5 0.496875 0.025 0.0359375
2 0.47421875 0.51171875 0.0265625 0.0265625
0 0.409375 0.50546875 0.0046875 0.01875
0 0.3625 0.50703125 0.00546875 0.025
3 0.36875 0.4796875 0.00234375 0.009375
3 0.40390625 0.43125 0.00390625 0.0140625
3 0.43828125 0.43046875 0.00390625 0.0125
3 0.46640625 0.43046875 0.003125 0.0140625
2 0.13125 0.53515625 0.09375 0.0734375
2 0.03203125 0.509375 0.06171875 0.04765625
1 0.446875 0.496875 0.00390625 0.00625
3 0.57265625 0.43515625 0.00234375 0.01171875