3 0.16171875 0.22265625 0.015625 0.05546875
3 0.278125 0.22578125 0.0140625 0.0546875
3 0.4171875 0.228125 0.01328125 0.05703125
3 0.6390625 0.40625 0.015625 0.05390625
3 0.42421875 0.44765625 0.00234375 0.01015625
3 0.446875 0.4171875 0.00390625 0.01484375
2 0.40234375 0.51171875 0.0234375 0.02421875
1 0.2765625 0.49375 0.0078125 0.01015625
3 0.79609375 0.021875 0.03671875 0.0421875
2 0.5390625 0.515625 0.0296875 0.02421875
3 0.30078125 0.45234375 0.00234375 0.01328125
3 0.446875 0.446875 0.003125 0.009375
3 0.4734375 0.44765625 0.00234375 0.009375
3 0.30390625 0.453125 0.00234375 0.01171875
3 0.2234375 0.40859375 0.003125 0.0171875