3 0.1609375 0.2234375 0.015625 0.0546875
3 0.6390625 0.40546875 0.015625 0.05625
3 0.42421875 0.446875 0.003125 0.01015625
3 0.44609375 0.41796875 0.0046875 0.01484375
2 0.3140625 0.50390625 0.0359375 0.0421875
2 0.40234375 0.51171875 0.0234375 0.02578125
2 0.44453125 0.51015625 0.02421875 0.025
1 0.2765625 0.49375 0.0078125 0.01015625
3 0.79765625 0.02109375 0.0359375 0.04140625
3 0.30078125 0.45 0.00234375 0.01015625
3 0.27890625 0.225 0.0140625 0.05625
3 0.4171875 0.228125 0.0140625 0.0546875
3 0.446875 0.446875 0.003125 0.01015625
3 0.4734375 0.446875 0.003125 0.01015625
3 0.303125 0.45078125 0.0015625 0.00859375
3 0.30546875 0.45234375 0.0015625 0.00859375