2 0.0890625 0.5125 0.125 0.11015625
3 0.79765625 0.0203125 0.03046875 0.0390625
3 0.6390625 0.4046875 0.015625 0.05234375
3 0.16171875 0.221875 0.015625 0.05703125
3 0.278125 0.22578125 0.0140625 0.05625
3 0.4171875 0.228125 0.01328125 0.05390625
3 0.44609375 0.4171875 0.0046875 0.015625
3 0.4734375 0.4484375 0.0046875 0.0125
3 0.446875 0.44765625 0.00390625 0.0125
3 0.42421875 0.446875 0.00390625 0.0125
2 0.44921875 0.51015625 0.02890625 0.025
2 0.40546875 0.5109375 0.02109375 0.021875
3 0.30078125 0.45078125 0.00234375 0.0109375
1 0.2765625 0.49375 0.00859375 0.0109375
3 0.303125 0.4515625 0.0015625 0.0109375
3 0.3109375 0.48359375 0.00234375 0.00859375