2 0.12421875 0.5359375 0.10625 0.07265625
0 0.1203125 0.53046875 0.021875 0.10078125
3 0.903125 0.06484375 0.03203125 0.090625
3 0.98203125 0.01640625 0.03515625 0.0328125
3 0.71015625 0.4109375 0.01328125 0.04921875
3 0.2765625 0.25078125 0.01328125 0.04921875
3 0.3796875 0.2515625 0.0125 0.05
3 0.50546875 0.25078125 0.0125 0.04921875
3 0.4703125 0.44296875 0.00234375 0.01171875
3 0.49375 0.4421875 0.003125 0.009375
3 0.52109375 0.44375 0.00234375 0.0109375
3 0.5671875 0.47890625 0.003125 0.01015625
3 0.5296875 0.4609375 0.0015625 0.00625
3 0.56875 0.43671875 0.00234375 0.01171875
2 0.50078125 0.496875 0.0234375 0.0359375
2 0.47421875 0.5125 0.0265625 0.0265625
0 0.4109375 0.503125 0.0046875 0.0203125
0 0.35859375 0.50625 0.00625 0.0265625
3 0.36875 0.4796875 0.00234375 0.01015625
3 0.40390625 0.43125 0.003125 0.0125
3 0.4375 0.43203125 0.00234375 0.01328125
3 0.46640625 0.43046875 0.003125 0.01328125
2 0.034375 0.509375 0.06796875 0.0484375
2 0.07734375 0.51875 0.01875 0.025
1 0.446875 0.496875 0.0046875 0.00625
3 0.57109375 0.43515625 0.00234375 0.0125
3 0.5734375 0.434375 0.0015625 0.0109375