0 0.3828125 0.52890625 0.028125 0.09375
3 0.9828125 0.01640625 0.034375 0.0328125
3 0.903125 0.065625 0.0328125 0.09296875
3 0.71015625 0.41015625 0.0125 0.05
3 0.5046875 0.25078125 0.0125 0.05
3 0.38046875 0.2515625 0.0125 0.05
3 0.2765625 0.2515625 0.01328125 0.05078125
3 0.4703125 0.44296875 0.003125 0.0125
3 0.49375 0.44296875 0.003125 0.01015625
3 0.52109375 0.44296875 0.00234375 0.0109375
3 0.5671875 0.47890625 0.003125 0.0109375
3 0.5296875 0.4609375 0.0015625 0.00859375
2 0.49609375 0.49765625 0.02734375 0.0390625
2 0.47421875 0.51171875 0.0265625 0.0265625
0 0.41640625 0.503125 0.00546875 0.02109375
0 0.3515625 0.50703125 0.00703125 0.0265625
3 0.36796875 0.4796875 0.0015625 0.009375
2 0.31484375 0.51796875 0.046875 0.0375
2 0.078125 0.51953125 0.0265625 0.025
2 0.03359375 0.5109375 0.0671875 0.046875
1 0.44609375 0.49609375 0.0046875 0.00546875
3 0.403125 0.43125 0.003125 0.0125
3 0.4375 0.43203125 0.003125 0.01328125
3 0.46640625 0.43125 0.003125 0.01328125