2 0.403125 0.51171875 0.0234375 0.02421875
2 0.44453125 0.5109375 0.025 0.02734375
3 0.1609375 0.2234375 0.015625 0.05546875
3 0.27890625 0.22578125 0.0140625 0.05546875
3 0.41640625 0.228125 0.01328125 0.053125
3 0.6390625 0.40546875 0.0140625 0.053125
3 0.425 0.446875 0.003125 0.0109375
3 0.446875 0.41796875 0.00390625 0.015625
3 0.796875 0.0203125 0.03125 0.040625
3 0.30078125 0.4515625 0.00234375 0.0125
3 0.3109375 0.48359375 0.00234375 0.00859375
1 0.2765625 0.49453125 0.00859375 0.0109375
3 0.446875 0.446875 0.00234375 0.01015625
3 0.4734375 0.446875 0.00234375 0.009375
3 0.30390625 0.45234375 0.00234375 0.0109375