0 0.58359375 0.51015625 0.01171875 0.04921875
2 0.0328125 0.5109375 0.065625 0.046875
2 0.07734375 0.51953125 0.02265625 0.025
2 0.2140625 0.53984375 0.10078125 0.084375
3 0.98203125 0.01640625 0.0359375 0.0328125
3 0.90234375 0.065625 0.0328125 0.0921875
3 0.71015625 0.4109375 0.0140625 0.05078125
3 0.50546875 0.25078125 0.01171875 0.05
3 0.38046875 0.2515625 0.0125 0.05
3 0.2765625 0.2515625 0.0140625 0.05078125
0 0.528125 0.5078125 0.009375 0.0265625
2 0.47421875 0.5125 0.02734375 0.025
2 0.4640625 0.50703125 0.01796875 0.02265625
2 0.43515625 0.5078125 0.0171875 0.01875
2 0.41328125 0.509375 0.01640625 0.01640625
2 0.42578125 0.509375 0.01328125 0.01484375
3 0.4703125 0.44296875 0.003125 0.01171875
3 0.49375 0.44296875 0.003125 0.01015625
3 0.521875 0.44375 0.00234375 0.0109375
3 0.5671875 0.47890625 0.003125 0.009375
3 0.36875 0.4796875 0.00234375 0.009375
3 0.46640625 0.43046875 0.00390625 0.01328125
3 0.43828125 0.43125 0.003125 0.0125
3 0.403125 0.43125 0.003125 0.01171875
3 0.56875 0.43671875 0.00234375 0.0109375
3 0.57109375 0.43515625 0.0015625 0.0125
3 0.57265625 0.434375 0.00234375 0.01171875