2 0.0890625 0.5125 0.125 0.11015625
3 0.7984375 0.02109375 0.03125 0.0421875
3 0.63828125 0.40390625 0.01484375 0.05234375
3 0.446875 0.4171875 0.00390625 0.01640625
3 0.42421875 0.446875 0.00390625 0.0109375
3 0.446875 0.44609375 0.0046875 0.01171875
3 0.4734375 0.446875 0.0046875 0.01328125
3 0.3015625 0.45234375 0.003125 0.01328125
3 0.3109375 0.4828125 0.003125 0.0078125
3 0.1609375 0.221875 0.0140625 0.05625
3 0.278125 0.22421875 0.01484375 0.05703125
3 0.4171875 0.22890625 0.0140625 0.05546875
2 0.403125 0.5125 0.0234375 0.02421875
2 0.44453125 0.51015625 0.025 0.02734375
1 0.2765625 0.49375 0.00859375 0.0109375
3 0.3046875 0.45234375 0.003125 0.0109375