2 0.35859375 0.53984375 0.08828125 0.08203125
2 0.43125 0.51015625 0.01875 0.02265625
2 0.4515625 0.50703125 0.01171875 0.01328125
2 0.4671875 0.50625 0.015625 0.015625
2 0.5 0.503125 0.009375 0.01484375
0 0.58828125 0.51171875 0.0109375 0.0375
3 0.57265625 0.46875 0.00546875 0.0171875
3 0.4171875 0.41171875 0.00546875 0.0171875
3 0.45390625 0.4125 0.00390625 0.01640625
3 0.49921875 0.41171875 0.0046875 0.015625
3 0.3765625 0.36953125 0.00625 0.02578125
3 0.321875 0.36953125 0.00625 0.025
3 0.25625 0.37109375 0.00625 0.02421875
3 0.2046875 0.39453125 0.0046875 0.0203125
2 0.2359375 0.50703125 0.03984375 0.02578125
3 0.25078125 0.46875 0.0046875 0.0171875
2 0.1640625 0.50703125 0.0703125 0.0375
2 0.096875 0.51015625 0.06171875 0.02421875
2 0.05546875 0.50625 0.0328125 0.0234375
2 0.01953125 0.50390625 0.03828125 0.02890625
3 0.59453125 0.39453125 0.00625 0.02109375
3 0.4734375 0.4609375 0.003125 0.0078125
3 0.490625 0.4609375 0.003125 0.0078125
3 0.51015625 0.4609375 0.003125 0.00859375
3 0.6 0.390625 0.0046875 0.0234375
3 0.6046875 0.3859375 0.00546875 0.0203125
3 0.6125 0.4546875 0.00546875 0.0234375
2 0.44375 0.50703125 0.01171875 0.01328125
3 0.40078125 0.48671875 0.0015625 0.00703125
3 0.21640625 0.3984375 0.0046875 0.01875
3 0.23046875 0.40390625 0.00546875 0.01875
3 0.1515625 0.4546875 0.0046875 0.02578125