2 0.03359375 0.51015625 0.06640625 0.046875
2 0.2640625 0.53203125 0.078125 0.06953125
2 0.43984375 0.5078125 0.015625 0.0171875
2 0.459375 0.50625 0.0140625 0.02109375
2 0.47421875 0.51171875 0.0265625 0.0265625
3 0.2765625 0.25234375 0.01484375 0.05
3 0.38046875 0.25 0.01328125 0.05078125
3 0.50546875 0.25 0.0125 0.0484375
3 0.71015625 0.4109375 0.0125 0.05078125
0 0.58046875 0.509375 0.0078125 0.0390625
3 0.46953125 0.44375 0.003125 0.01171875
3 0.5671875 0.4796875 0.003125 0.009375
3 0.9015625 0.06640625 0.0375 0.0953125
3 0.9828125 0.01796875 0.034375 0.03515625
2 0.078125 0.51875 0.0234375 0.02421875
3 0.36796875 0.4796875 0.00234375 0.0109375
3 0.40390625 0.43125 0.00390625 0.0125
3 0.43828125 0.43125 0.003125 0.0140625
3 0.46640625 0.43125 0.00390625 0.01328125
3 0.5296875 0.4609375 0.00234375 0.0078125
3 0.56875 0.43671875 0.00234375 0.0125
1 0.44609375 0.49609375 0.0046875 0.00546875
3 0.57109375 0.4359375 0.0015625 0.01171875
3 0.57265625 0.434375 0.0015625 0.0109375
3 0.49375 0.44296875 0.003125 0.01015625
3 0.52109375 0.44375 0.003125 0.0109375
3 0.34921875 0.47578125 0.00234375 0.0125
2 0.43125 0.51015625 0.0125 0.0140625