2 0.0890625 0.5125 0.125 0.11015625
3 0.7984375 0.02421875 0.0296875 0.0484375
3 0.6390625 0.40703125 0.01484375 0.05390625
3 0.44609375 0.4171875 0.0046875 0.01484375
3 0.425 0.446875 0.00390625 0.0125
3 0.446875 0.446875 0.00390625 0.0140625
3 0.47265625 0.446875 0.00390625 0.01328125
2 0.509375 0.5078125 0.01328125 0.01875
2 0.38515625 0.50859375 0.03046875 0.02109375
3 0.30078125 0.4515625 0.003125 0.01484375
3 0.3109375 0.4828125 0.003125 0.009375
1 0.2765625 0.49375 0.00859375 0.0109375
3 0.159375 0.2234375 0.015625 0.05390625
3 0.27890625 0.22578125 0.01328125 0.0546875
3 0.4171875 0.228125 0.01328125 0.05703125
3 0.3046875 0.45234375 0.003125 0.01171875