2 0.453125 0.5125 0.025 0.028125
0 0.1984375 0.51328125 0.01171875 0.040625
0 0.29296875 0.50625 0.0109375 0.0328125
2 0.471875 0.49609375 0.025 0.0390625
3 0.6078125 0.4484375 0.0078125 0.02734375
3 0.58515625 0.38046875 0.00625 0.02265625
3 0.49375 0.40234375 0.0046875 0.01796875
3 0.4453125 0.403125 0.00546875 0.01796875
3 0.40390625 0.403125 0.0046875 0.01953125
3 0.5734375 0.46640625 0.00390625 0.0171875
3 0.50234375 0.44609375 0.00234375 0.0109375
3 0.521875 0.4609375 0.003125 0.009375
3 0.50234375 0.4609375 0.003125 0.01015625
3 0.48515625 0.46015625 0.00390625 0.01171875
1 0.3875 0.4953125 0.00625 0.0078125
3 0.2484375 0.35625 0.0078125 0.0265625
3 0.32109375 0.35546875 0.00703125 0.03125
3 0.38203125 0.35546875 0.0078125 0.0296875
3 0.1765625 0.38359375 0.00625 0.02265625
3 0.1890625 0.3875 0.00703125 0.02109375
3 0.203125 0.39453125 0.00546875 0.01953125
3 0.225 0.465625 0.00546875 0.01796875
3 0.590625 0.37578125 0.00625 0.025
3 0.5984375 0.3703125 0.00625 0.0265625