0 0.64140625 0.51875 0.0140625 0.05859375
3 0.05625 0.26328125 0.0140625 0.0453125
3 0.1765625 0.2625 0.01328125 0.04609375
3 0.275 0.2609375 0.0125 0.05
3 0.0359375 0.3328125 0.0125 0.0328125
3 0.06484375 0.3421875 0.01171875 0.03046875
3 0.09453125 0.353125 0.0109375 0.02890625
3 0.1390625 0.45390625 0.00859375 0.0265625
3 0.3796875 0.371875 0.00625 0.02421875
3 0.43359375 0.371875 0.00625 0.02421875
3 0.4984375 0.37109375 0.00546875 0.02421875
3 0.64921875 0.334375 0.01015625 0.03203125
3 0.66015625 0.3234375 0.0125 0.03203125
3 0.675 0.30625 0.01171875 0.03671875
3 0.69921875 0.4203125 0.01328125 0.04609375
3 0.60390625 0.4546875 0.00625 0.02265625
3 0.54921875 0.48359375 0.003125 0.01015625
3 0.51171875 0.4546875 0.003125 0.00859375
3 0.48828125 0.4546875 0.003125 0.00859375
3 0.46875 0.45390625 0.00390625 0.0109375
2 0.5 0.50390625 0.0109375 0.015625
2 0.46171875 0.50703125 0.0171875 0.0171875
2 0.4359375 0.50859375 0.0125 0.0140625
2 0.44375 0.5078125 0.0140625 0.015625
0 0.54609375 0.50703125 0.00703125 0.02109375
2 0.33515625 0.54453125 0.103125 0.09453125
3 0.38515625 0.48359375 0.00234375 0.00859375
2 0.37890625 0.51640625 0.02578125 0.0328125
2 0.16171875 0.50625 0.05 0.03515625
2 0.19453125 0.5125 0.0125 0.01953125
2 0.065625 0.51015625 0.05546875 0.0453125
2 0.03125 0.51015625 0.0625 0.04296875