3 0.1609375 0.2234375 0.015625 0.05546875
3 0.278125 0.225 0.0140625 0.05546875
3 0.4171875 0.228125 0.0140625 0.05546875
3 0.6390625 0.4046875 0.01328125 0.053125
2 0.40234375 0.51171875 0.0234375 0.02578125
2 0.44453125 0.51015625 0.025 0.0265625
3 0.42421875 0.44765625 0.003125 0.0109375
3 0.446875 0.41796875 0.00390625 0.015625
1 0.2765625 0.49375 0.00859375 0.0109375
3 0.796875 0.0203125 0.0328125 0.03984375
3 0.3015625 0.45078125 0.00234375 0.01015625
3 0.3109375 0.4828125 0.003125 0.00859375
3 0.446875 0.446875 0.00234375 0.0109375
3 0.4734375 0.44765625 0.003125 0.0109375
3 0.22421875 0.40859375 0.0046875 0.0171875