2 0.0890625 0.5125 0.125 0.11015625
3 0.79375 0.01953125 0.034375 0.0390625
3 0.63828125 0.4046875 0.015625 0.0515625
3 0.4171875 0.228125 0.0140625 0.053125
3 0.278125 0.22578125 0.0140625 0.0546875
3 0.1609375 0.22265625 0.015625 0.05625
3 0.446875 0.4171875 0.00390625 0.01640625
3 0.42421875 0.44609375 0.00390625 0.0140625
3 0.446875 0.4453125 0.00390625 0.01015625
3 0.4734375 0.446875 0.00390625 0.0140625
1 0.2765625 0.49296875 0.00859375 0.00859375
3 0.3015625 0.4515625 0.003125 0.01328125
3 0.3109375 0.4828125 0.003125 0.00859375
2 0.20859375 0.490625 0.05546875 0.03515625
3 0.3046875 0.453125 0.00234375 0.01015625