2 0.3296875 0.503125 0.03203125 0.03671875
2 0.40234375 0.51171875 0.0234375 0.02578125
2 0.44453125 0.509375 0.0265625 0.028125
3 0.42421875 0.446875 0.003125 0.01171875
3 0.446875 0.446875 0.003125 0.01015625
3 0.4734375 0.446875 0.00390625 0.0109375
3 0.44609375 0.41796875 0.0046875 0.01484375
3 0.6390625 0.40546875 0.0140625 0.0515625
3 0.4171875 0.228125 0.01328125 0.05390625
3 0.278125 0.225 0.01328125 0.05390625
3 0.16171875 0.2234375 0.015625 0.0578125
1 0.2765625 0.49375 0.00703125 0.0109375
3 0.79609375 0.0203125 0.0328125 0.040625
3 0.31171875 0.48359375 0.00390625 0.0078125
3 0.3015625 0.45078125 0.003125 0.0109375
3 0.30546875 0.45234375 0.00234375 0.01015625
3 0.2234375 0.4078125 0.003125 0.0171875