0 0.5875 0.51171875 0.0125 0.05625
2 0.03359375 0.51015625 0.06640625 0.046875
2 0.078125 0.51953125 0.02109375 0.02578125
2 0.47421875 0.51171875 0.0265625 0.028125
3 0.2765625 0.25078125 0.01328125 0.0484375
3 0.38046875 0.2515625 0.0125 0.0484375
3 0.50546875 0.25078125 0.01171875 0.04921875
3 0.71015625 0.4109375 0.01328125 0.04921875
3 0.5671875 0.4796875 0.003125 0.01015625
3 0.56875 0.43671875 0.003125 0.01015625
3 0.521875 0.44375 0.00234375 0.01171875
3 0.49375 0.44296875 0.003125 0.01171875
3 0.4703125 0.44296875 0.00234375 0.0109375
3 0.36796875 0.4796875 0.00234375 0.0109375
1 0.446875 0.496875 0.0046875 0.00625
3 0.40390625 0.43125 0.003125 0.01171875
3 0.43828125 0.43125 0.003125 0.0125
3 0.46640625 0.43046875 0.003125 0.01328125
3 0.90078125 0.0640625 0.03359375 0.09375
3 0.98359375 0.0171875 0.0328125 0.034375
3 0.5296875 0.46015625 0.00234375 0.00703125
3 0.57265625 0.43359375 0.003125 0.01171875