0 0.03125 0.703125 0.0625 0.43125
3 0.90234375 0.06640625 0.034375 0.090625
3 0.98203125 0.01640625 0.0359375 0.0328125
3 0.7109375 0.41171875 0.01328125 0.05078125
3 0.5046875 0.2484375 0.01171875 0.05
3 0.38046875 0.2515625 0.01484375 0.05234375
3 0.27578125 0.25078125 0.0140625 0.04921875
3 0.56875 0.4375 0.00234375 0.0109375
3 0.5671875 0.4796875 0.003125 0.009375
3 0.521875 0.44375 0.003125 0.01015625
3 0.49375 0.4421875 0.00390625 0.01015625
3 0.4703125 0.44375 0.00390625 0.0125
3 0.5296875 0.4609375 0.0015625 0.0078125
3 0.43828125 0.43125 0.003125 0.0125
3 0.46640625 0.43046875 0.003125 0.01171875
3 0.403125 0.43125 0.003125 0.01328125
3 0.36875 0.4796875 0.003125 0.0109375
2 0.43125 0.509375 0.0140625 0.01484375
2 0.43984375 0.50703125 0.0171875 0.0171875
2 0.45859375 0.50625 0.0171875 0.01875
2 0.47421875 0.51328125 0.02734375 0.0265625
0 0.56484375 0.50546875 0.0078125 0.02890625
0 0.58203125 0.509375 0.01171875 0.04609375
2 0.26328125 0.53203125 0.078125 0.06953125
2 0.07734375 0.51953125 0.02265625 0.02421875
2 0.03984375 0.51015625 0.0546875 0.046875
3 0.571875 0.43515625 0.00234375 0.01015625