3 0.2765625 0.2515625 0.01484375 0.04921875
3 0.71015625 0.41171875 0.0125 0.04921875
3 0.90234375 0.065625 0.03125 0.09140625
3 0.98203125 0.015625 0.0359375 0.03125
3 0.4703125 0.44296875 0.00234375 0.01171875
0 0.546875 0.50703125 0.00859375 0.0265625
3 0.5671875 0.4796875 0.003125 0.01015625
0 0.58203125 0.509375 0.0109375 0.04765625
2 0.459375 0.50625 0.01640625 0.021875
2 0.47421875 0.5125 0.0265625 0.02734375
2 0.43046875 0.51171875 0.01328125 0.01171875
2 0.4390625 0.50703125 0.01796875 0.01953125
2 0.2578125 0.53359375 0.08125 0.07109375
2 0.0328125 0.51015625 0.065625 0.04921875
2 0.0796875 0.51875 0.02734375 0.0265625
3 0.36875 0.4796875 0.00234375 0.01015625
3 0.56953125 0.4375 0.00234375 0.0109375
3 0.51796875 0.46875 0.0015625 0.00546875
3 0.5296875 0.46875 0.003125 0.0046875
3 0.5296875 0.46015625 0.00234375 0.00625
3 0.54609375 0.46953125 0.0015625 0.00625
3 0.40390625 0.43125 0.003125 0.0125
3 0.43828125 0.43125 0.00234375 0.01171875
3 0.46640625 0.43046875 0.003125 0.0125
3 0.57265625 0.434375 0.00234375 0.01171875
3 0.49375 0.44296875 0.003125 0.01015625
3 0.52109375 0.44375 0.00234375 0.01015625
3 0.38046875 0.2515625 0.0140625 0.0484375
3 0.5046875 0.25 0.01328125 0.0515625