2 0.1765625 0.51953125 0.16796875 0.15390625
2 0.34453125 0.54453125 0.09921875 0.08984375
2 0.28359375 0.50625 0.03359375 0.01953125
2 0.4578125 0.5078125 0.01171875 0.0125
2 0.471875 0.50546875 0.01328125 0.0140625
2 0.5 0.503125 0.009375 0.01328125
2 0.45 0.50703125 0.00546875 0.0109375
3 0.55546875 0.47734375 0.00390625 0.01171875
3 0.5 0.43515625 0.0046875 0.015625
3 0.465625 0.43359375 0.003125 0.01328125
3 0.4375 0.4328125 0.003125 0.01171875
3 0.41640625 0.4109375 0.0046875 0.01796875
3 0.33359375 0.41171875 0.00390625 0.015625
3 0.28515625 0.42421875 0.003125 0.01328125
3 0.37890625 0.41171875 0.00390625 0.0171875
0 0.60078125 0.50625 0.0078125 0.02890625
3 0.57109375 0.42265625 0.00234375 0.0171875
3 0.4609375 0.46171875 0.00234375 0.00859375
3 0.4765625 0.46171875 0.003125 0.0109375
3 0.5734375 0.42109375 0.00234375 0.01640625
3 0.5765625 0.41953125 0.00234375 0.0140625
3 0.2921875 0.42578125 0.00390625 0.0140625
3 0.29921875 0.42890625 0.003125 0.01328125