3 0.16171875 0.22265625 0.01484375 0.05546875
3 0.278125 0.225 0.0140625 0.05546875
3 0.4171875 0.228125 0.01328125 0.05390625
3 0.63828125 0.4046875 0.01484375 0.05234375
3 0.42421875 0.446875 0.003125 0.0109375
3 0.446875 0.41796875 0.00390625 0.01484375
2 0.45078125 0.51171875 0.03828125 0.03125
2 0.40234375 0.51171875 0.0234375 0.02578125
2 0.046875 0.4828125 0.075 0.0328125
1 0.2765625 0.49453125 0.0078125 0.01171875
3 0.79609375 0.0203125 0.03125 0.03984375
3 0.30078125 0.45 0.00234375 0.00859375
3 0.3109375 0.484375 0.00234375 0.009375
3 0.446875 0.446875 0.003125 0.0109375
3 0.4734375 0.44765625 0.00390625 0.0109375
3 0.303125 0.4515625 0.0015625 0.00859375