0 0.9765625 0.5625 0.0453125 0.2
3 0.90234375 0.06484375 0.03203125 0.0921875
3 0.98203125 0.01640625 0.0359375 0.03203125
3 0.71015625 0.4109375 0.0140625 0.04921875
3 0.5046875 0.25078125 0.01171875 0.04921875
3 0.38046875 0.25 0.0125 0.04921875
3 0.27578125 0.25078125 0.0125 0.0484375
3 0.4703125 0.44375 0.003125 0.0109375
3 0.49375 0.44296875 0.003125 0.0125
3 0.52109375 0.44453125 0.003125 0.01015625
3 0.5171875 0.46953125 0.003125 0.00703125
3 0.53046875 0.4703125 0.00234375 0.00625
3 0.5296875 0.46015625 0.00234375 0.0078125
3 0.56875 0.43671875 0.00234375 0.01015625
3 0.5671875 0.4796875 0.00234375 0.0109375
3 0.40390625 0.43125 0.00390625 0.0125
3 0.43828125 0.43125 0.00390625 0.01484375
3 0.46640625 0.43125 0.00390625 0.015625
3 0.36796875 0.4796875 0.00234375 0.01015625
0 0.56875 0.50859375 0.00625 0.03359375
2 0.5078125 0.50234375 0.01015625 0.0171875
2 0.4625 0.50703125 0.01875 0.0203125
2 0.44140625 0.5078125 0.0171875 0.015625
2 0.43125 0.51015625 0.01171875 0.0125
2 0.3859375 0.53203125 0.0734375 0.06953125
2 0.2640625 0.53359375 0.078125 0.0671875
2 0.07578125 0.51953125 0.025 0.0234375
2 0.03125 0.509375 0.0625 0.046875
3 0.5453125 0.47109375 0.003125 0.00625
3 0.57109375 0.43515625 0.0015625 0.01171875
3 0.57265625 0.43359375 0.0015625 0.0109375
3 0.34921875 0.47578125 0.00234375 0.01328125