2 0.17578125 0.53203125 0.08828125 0.06328125
0 0.2015625 0.53046875 0.02421875 0.09765625
3 0.98125 0.015625 0.03671875 0.03125
3 0.903125 0.06640625 0.03515625 0.1
2 0.0328125 0.51015625 0.06484375 0.046875
2 0.0765625 0.51875 0.02265625 0.025
2 0.47421875 0.5125 0.0265625 0.0265625
2 0.5 0.49765625 0.0234375 0.034375
3 0.71015625 0.4109375 0.01328125 0.0484375
3 0.5046875 0.25078125 0.0109375 0.04921875
3 0.38046875 0.25078125 0.01171875 0.04921875
3 0.2765625 0.25078125 0.0125 0.04921875
3 0.5671875 0.47890625 0.003125 0.01015625
3 0.51875 0.46875 0.00234375 0.00546875
3 0.53046875 0.46875 0.00234375 0.00546875
3 0.5296875 0.4609375 0.00234375 0.00625
3 0.4703125 0.44375 0.00234375 0.01171875
3 0.49375 0.44296875 0.003125 0.0109375
3 0.521875 0.44375 0.00234375 0.01015625
3 0.56875 0.43671875 0.00234375 0.01171875
3 0.36875 0.4796875 0.00234375 0.009375
3 0.40390625 0.43046875 0.003125 0.01171875
3 0.4375 0.43125 0.003125 0.0125
3 0.46640625 0.43125 0.003125 0.01328125
0 0.35234375 0.50546875 0.00703125 0.0265625
0 0.41328125 0.5015625 0.0046875 0.0203125
3 0.5453125 0.46953125 0.00234375 0.00625
3 0.57109375 0.43515625 0.00234375 0.0125
3 0.5734375 0.434375 0.0015625 0.01171875
3 0.3484375 0.475 0.00234375 0.0125
1 0.44609375 0.49609375 0.00390625 0.00625