3 0.16171875 0.2234375 0.01484375 0.0546875
3 0.63828125 0.40546875 0.0140625 0.0515625
3 0.42421875 0.446875 0.003125 0.0109375
3 0.44609375 0.41796875 0.00390625 0.01484375
2 0.403125 0.51171875 0.0234375 0.025
2 0.44375 0.51015625 0.025 0.0265625
1 0.2765625 0.49375 0.0078125 0.0109375
3 0.79609375 0.01875 0.0328125 0.0375
3 0.30078125 0.45078125 0.00234375 0.0109375
3 0.3109375 0.48359375 0.00234375 0.0109375
3 0.2234375 0.4078125 0.00390625 0.0171875
3 0.30390625 0.4515625 0.00234375 0.009375
3 0.278125 0.22578125 0.01328125 0.0546875
3 0.4171875 0.228125 0.0125 0.053125
3 0.44609375 0.446875 0.003125 0.0109375
3 0.4734375 0.446875 0.003125 0.0109375