2 0.48046875 0.5140625 0.0265625 0.02890625
2 0.50625 0.49921875 0.0234375 0.0359375
3 0.58046875 0.47734375 0.003125 0.01171875
0 0.3453125 0.51015625 0.00703125 0.02890625
0 0.39609375 0.50703125 0.0046875 0.02109375
3 0.32109375 0.471875 0.00234375 0.015625
3 0.35 0.47734375 0.00234375 0.01171875
3 0.38671875 0.41875 0.003125 0.0140625
3 0.428125 0.41875 0.00390625 0.01484375
3 0.4625 0.41796875 0.003125 0.015625
3 0.4453125 0.46953125 0.00234375 0.00625
3 0.521875 0.46875 0.00390625 0.0078125
3 0.53515625 0.46953125 0.003125 0.0109375
3 0.53515625 0.45703125 0.00234375 0.009375
3 0.5515625 0.46796875 0.00234375 0.0078125
3 0.49453125 0.43671875 0.00390625 0.0125
3 0.52734375 0.4359375 0.003125 0.01171875
3 0.46796875 0.4359375 0.00390625 0.01171875
3 0.584375 0.4265625 0.00234375 0.0125
3 0.58671875 0.425 0.00234375 0.0140625
3 0.5890625 0.42265625 0.003125 0.01328125
3 0.3296875 0.428125 0.003125 0.0125
3 0.334375 0.43125 0.00234375 0.0109375
3 0.33984375 0.43203125 0.003125 0.0125
1 0.44375 0.49765625 0.0046875 0.00703125