2 0.465625 0.51875 0.0375 0.03671875
0 0.64375 0.52421875 0.02421875 0.10078125
3 0.18203125 0.13203125 0.01875 0.07109375
3 0.33515625 0.13125 0.0171875 0.0734375
3 0.5203125 0.13203125 0.01640625 0.07265625
3 0.8234375 0.36875 0.01953125 0.071875
0 0.35625 0.51171875 0.01171875 0.03984375
1 0.42265625 0.49453125 0.00546875 0.0078125
0 0.39296875 0.50390625 0.00390625 0.0234375
3 0.2859375 0.40859375 0.003125 0.01640625
3 0.3609375 0.3984375 0.0046875 0.0171875
3 0.41171875 0.3984375 0.00390625 0.01796875
3 0.45390625 0.396875 0.00390625 0.01875
3 0.45859375 0.41640625 0.00390625 0.015625
3 0.49296875 0.41640625 0.003125 0.01484375
3 0.534375 0.41640625 0.003125 0.01484375
3 0.60234375 0.46953125 0.003125 0.0140625
3 0.52734375 0.45390625 0.0015625 0.0078125
3 0.54609375 0.4546875 0.00234375 0.00859375
3 0.56875 0.45390625 0.00234375 0.0078125
3 0.5453125 0.4421875 0.0015625 0.0078125
3 0.2796875 0.4625 0.0015625 0.01953125
3 0.3078125 0.4703125 0.003125 0.01484375
3 0.60546875 0.40859375 0.00234375 0.01328125
3 0.60859375 0.40546875 0.00234375 0.0140625
3 0.6140625 0.4625 0.00234375 0.01796875
3 0.6109375 0.40078125 0.003125 0.01484375
3 0.29140625 0.41015625 0.003125 0.015625
3 0.296875 0.4140625 0.00234375 0.0109375