3 0.0125 0.08984375 0.02265625 0.078125
3 0.18515625 0.09375 0.01875 0.07734375
3 0.390625 0.09609375 0.0171875 0.07578125
3 0.71875 0.36015625 0.01796875 0.0734375
3 0.39140625 0.42109375 0.003125 0.01484375
3 0.425 0.378125 0.0046875 0.02109375
2 0.35859375 0.5171875 0.03203125 0.03359375
2 0.42109375 0.51484375 0.034375 0.03515625
1 0.17265625 0.490625 0.01015625 0.01328125
3 0.20703125 0.425 0.00234375 0.01328125
3 0.21015625 0.42734375 0.00234375 0.0125
3 0.21484375 0.4296875 0.00234375 0.01015625
3 0.221875 0.47578125 0.00234375 0.01171875
3 0.096875 0.3671875 0.00390625 0.01953125
3 0.42421875 0.421875 0.003125 0.01484375
3 0.4640625 0.421875 0.003125 0.01328125