0 0.14453125 0.5171875 0.0140625 0.053125
0 0.2546875 0.5109375 0.009375 0.0390625
1 0.3609375 0.49453125 0.00625 0.009375
2 0.4453125 0.5203125 0.0359375 0.0390625
2 0.4734375 0.49609375 0.0328125 0.0515625
3 0.609375 0.45703125 0.0046875 0.02109375
3 0.54375 0.44609375 0.00234375 0.009375
3 0.49375 0.44609375 0.00234375 0.009375
3 0.51640625 0.44609375 0.003125 0.00859375
3 0.5171875 0.4265625 0.003125 0.0125
3 0.50859375 0.37734375 0.0046875 0.021875
3 0.446875 0.37734375 0.00625 0.02265625
3 0.39453125 0.3765625 0.00546875 0.021875
3 0.62265625 0.3546875 0.0046875 0.02890625
3 0.62890625 0.35 0.0046875 0.02734375
3 0.63671875 0.3421875 0.00546875 0.02734375
3 0.37734375 0.3296875 0.00703125 0.03203125
3 0.30625 0.33046875 0.0078125 0.03203125
3 0.2203125 0.33125 0.00703125 0.028125
3 0.13125 0.36171875 0.00546875 0.02421875
3 0.1453125 0.3671875 0.00546875 0.02265625
3 0.16875 0.45625 0.0046875 0.021875
3 0.11796875 0.3578125 0.00546875 0.0234375
3 0.36640625 0.44921875 0.00390625 0.00859375
3 0.33046875 0.42265625 0.003125 0.01171875