3 0.01328125 0.0875 0.0234375 0.07421875
3 0.18671875 0.09140625 0.02109375 0.0765625
3 0.39140625 0.0984375 0.01875 0.0796875
3 0.71875 0.359375 0.0171875 0.075
2 0.07578125 0.48671875 0.0703125 0.04921875
3 0.390625 0.421875 0.003125 0.0140625
3 0.425 0.378125 0.0046875 0.021875
1 0.17265625 0.490625 0.01015625 0.0125
3 0.2078125 0.425 0.00234375 0.01328125
3 0.2109375 0.4265625 0.00234375 0.01328125
3 0.2140625 0.428125 0.00234375 0.01171875
3 0.096875 0.365625 0.0046875 0.0203125
3 0.42421875 0.42109375 0.003125 0.0140625
3 0.4640625 0.42265625 0.003125 0.01328125
3 0.22109375 0.47578125 0.0015625 0.0125