3 0.390625 0.09765625 0.0171875 0.078125
3 0.71953125 0.36015625 0.01796875 0.07421875
3 0.390625 0.421875 0.00390625 0.0140625
3 0.425 0.378125 0.0046875 0.021875
2 0.359375 0.51796875 0.0328125 0.03359375
2 0.42109375 0.515625 0.03515625 0.03515625
2 0.19765625 0.5046875 0.07890625 0.04765625
1 0.17265625 0.4921875 0.009375 0.01171875
3 0.20703125 0.42578125 0.00234375 0.0140625
3 0.2109375 0.4265625 0.00234375 0.01328125
3 0.2140625 0.428125 0.0015625 0.01171875
3 0.096875 0.36484375 0.00390625 0.02109375
3 0.1859375 0.0921875 0.01875 0.078125
3 0.0125 0.08984375 0.021875 0.08046875
3 0.4640625 0.421875 0.003125 0.0125
3 0.42421875 0.421875 0.003125 0.01328125