3 0.0125 0.08984375 0.01875 0.07734375
3 0.1859375 0.09453125 0.02109375 0.07734375
3 0.390625 0.09609375 0.01953125 0.07734375
3 0.71875 0.359375 0.0203125 0.0765625
3 0.390625 0.421875 0.00390625 0.0140625
3 0.425 0.378125 0.0046875 0.021875
2 0.05390625 0.4875 0.1078125 0.04921875
1 0.1734375 0.490625 0.01015625 0.01328125
3 0.20703125 0.42578125 0.00234375 0.0140625
3 0.2109375 0.42734375 0.00234375 0.01328125
3 0.2140625 0.42890625 0.00234375 0.01328125
3 0.096875 0.36640625 0.0046875 0.0203125
3 0.42421875 0.42109375 0.003125 0.0140625
3 0.4640625 0.421875 0.003125 0.0125
3 0.22109375 0.47578125 0.00234375 0.0140625