2 0.3 0.56015625 0.128125 0.11796875
0 0.66796875 0.521875 0.01953125 0.06875
3 0.04375 0.25390625 0.0125 0.0421875
3 0.16875 0.25078125 0.0109375 0.04609375
3 0.27265625 0.25078125 0.0109375 0.04921875
3 0.36015625 0.3453125 0.0078125 0.028125
3 0.425 0.3453125 0.00703125 0.02734375
3 0.50390625 0.3453125 0.00703125 0.0265625
2 0.06953125 0.51328125 0.075 0.03359375
3 0.06796875 0.44453125 0.0078125 0.028125
3 0.0015625 0.31875 0.003125 0.0328125
3 0.0265625 0.328125 0.00859375 0.03046875
2 0.36796875 0.51875 0.03515625 0.03515625
2 0.4203125 0.5109375 0.025 0.01953125
2 0.45078125 0.509375 0.021875 0.021875
2 0.50234375 0.5046875 0.0125 0.0203125
3 0.63125 0.44609375 0.00703125 0.0265625
3 0.51796875 0.4375 0.003125 0.01015625
3 0.4859375 0.43828125 0.003125 0.0109375
3 0.46015625 0.43828125 0.00390625 0.01328125
3 0.428125 0.4265625 0.003125 0.0125
3 0.390625 0.4265625 0.00390625 0.01328125
3 0.5140625 0.46171875 0.0015625 0.00625
3 0.53046875 0.4640625 0.0015625 0.00625
3 0.52890625 0.453125 0.00234375 0.0078125
3 0.56953125 0.478125 0.00390625 0.0109375
0 0.565625 0.5078125 0.00546875 0.02734375
3 0.34375 0.478125 0.00234375 0.01171875
3 0.67890625 0.309375 0.009375 0.0359375
3 0.72109375 0.415625 0.01015625 0.04453125
3 0.6890625 0.30078125 0.01015625 0.03828125
3 0.70234375 0.28671875 0.01015625 0.03671875