3 0.07109375 0.11171875 0.01796875 0.0734375
3 0.740625 0.365625 0.015625 0.07265625
3 0.421875 0.4203125 0.00390625 0.01640625
3 0.45546875 0.37734375 0.0046875 0.01953125
2 0.38359375 0.5171875 0.03515625 0.03828125
2 0.22890625 0.490625 0.109375 0.0625
1 0.2078125 0.48984375 0.0109375 0.015625
3 0.1359375 0.365625 0.00546875 0.02578125
3 0.240625 0.42421875 0.00234375 0.0125
3 0.45390625 0.4203125 0.003125 0.0140625
3 0.49296875 0.42109375 0.0046875 0.0140625
3 0.234375 0.115625 0.01953125 0.07421875
3 0.42734375 0.115625 0.015625 0.07734375
3 0.24765625 0.42734375 0.0015625 0.01171875
3 0.24375 0.4265625 0.003125 0.0125