3 0.01171875 0.090625 0.021875 0.0796875
3 0.1859375 0.09375 0.0203125 0.0796875
3 0.390625 0.0984375 0.01875 0.0796875
3 0.71796875 0.36015625 0.01953125 0.0765625
3 0.390625 0.42109375 0.003125 0.015625
3 0.425 0.378125 0.00546875 0.021875
2 0.359375 0.5171875 0.03359375 0.03359375
2 0.42109375 0.5140625 0.0359375 0.0390625
1 0.17265625 0.490625 0.01015625 0.01328125
3 0.20703125 0.425 0.00234375 0.0125
3 0.22109375 0.47578125 0.00234375 0.01328125
3 0.096875 0.36484375 0.0046875 0.0234375
3 0.42421875 0.421875 0.003125 0.01484375
3 0.46328125 0.42109375 0.003125 0.0140625
3 0.2109375 0.4265625 0.003125 0.0125
3 0.21484375 0.42734375 0.00234375 0.01328125