3 0.221875 0.2109375 0.01328125 0.05703125
3 0.34296875 0.2109375 0.0125 0.05546875
3 0.4875 0.2109375 0.01328125 0.05546875
3 0.72265625 0.396875 0.0140625 0.0546875
3 0.47265625 0.4265625 0.00390625 0.01328125
3 0.503125 0.4265625 0.00390625 0.0125
3 0.5046875 0.38984375 0.0046875 0.0203125
3 0.5390625 0.42734375 0.00390625 0.01171875
2 0.43046875 0.51953125 0.0390625 0.03984375
2 0.37890625 0.49140625 0.08359375 0.0625
1 0.278125 0.49140625 0.01015625 0.0125
3 0.8234375 0.0609375 0.0328125 0.0890625
3 0.871875 0.02890625 0.0296875 0.05390625
3 0.303125 0.43046875 0.00234375 0.0109375
3 0.31640625 0.478125 0.00390625 0.01484375
3 0.30546875 0.43125 0.00234375 0.0109375
3 0.3078125 0.43203125 0.0015625 0.0109375