2 0.359375 0.5171875 0.034375 0.034375
2 0.42109375 0.51640625 0.0375 0.03984375
1 0.17265625 0.49140625 0.0109375 0.01328125
3 0.01171875 0.09140625 0.02265625 0.08046875
3 0.1859375 0.09375 0.02109375 0.08046875
3 0.390625 0.09765625 0.01875 0.07890625
3 0.71796875 0.359375 0.0203125 0.07578125
3 0.390625 0.42109375 0.003125 0.01484375
3 0.42421875 0.42109375 0.003125 0.01484375
3 0.46328125 0.421875 0.003125 0.01328125
3 0.425 0.378125 0.00546875 0.02265625
3 0.0984375 0.365625 0.00703125 0.02265625
3 0.20703125 0.42578125 0.00234375 0.01328125
3 0.221875 0.47578125 0.003125 0.01171875
3 0.21015625 0.4265625 0.00234375 0.0125
3 0.21328125 0.428125 0.00234375 0.01171875