0 0.6234375 0.51328125 0.0140625 0.05859375
3 0.18203125 0.13125 0.01796875 0.07109375
3 0.3359375 0.13203125 0.01796875 0.0734375
3 0.51953125 0.13125 0.01640625 0.071875
3 0.8234375 0.36796875 0.01953125 0.07109375
2 0.16015625 0.5484375 0.1140625 0.1
2 0.46484375 0.51796875 0.03671875 0.0390625
2 0.44375 0.5109375 0.021875 0.028125
2 0.40078125 0.5125 0.01796875 0.0234375
2 0.415625 0.51171875 0.01953125 0.02578125
1 0.42265625 0.49453125 0.00625 0.00703125
3 0.60234375 0.46953125 0.00390625 0.015625
3 0.2796875 0.46171875 0.00234375 0.02265625
3 0.3078125 0.4703125 0.003125 0.01484375
3 0.2859375 0.4078125 0.003125 0.01640625
3 0.3609375 0.39921875 0.0046875 0.01875
3 0.41171875 0.3984375 0.0046875 0.01953125
3 0.45390625 0.39765625 0.0046875 0.0203125
3 0.45859375 0.41640625 0.00390625 0.015625
3 0.49296875 0.41640625 0.00390625 0.01484375
3 0.534375 0.41640625 0.00390625 0.01484375
3 0.528125 0.45390625 0.00234375 0.00703125
3 0.546875 0.45390625 0.00234375 0.0078125
3 0.5453125 0.44140625 0.003125 0.01015625
3 0.56953125 0.45390625 0.00234375 0.00703125
3 0.60546875 0.4078125 0.003125 0.0171875
3 0.6078125 0.4046875 0.003125 0.01875
3 0.6109375 0.403125 0.003125 0.01796875
3 0.61328125 0.46328125 0.003125 0.0203125
3 0.4015625 0.43984375 0.003125 0.0125
3 0.42265625 0.45703125 0.00234375 0.009375