3 0.71796875 0.359375 0.02109375 0.07734375
3 0.01171875 0.090625 0.0234375 0.08125
3 0.1859375 0.09453125 0.01953125 0.08046875
3 0.390625 0.09765625 0.01953125 0.0796875
2 0.359375 0.51796875 0.034375 0.034375
2 0.4203125 0.515625 0.03671875 0.03828125
3 0.390625 0.42109375 0.003125 0.015625
3 0.425 0.37734375 0.0046875 0.02109375
1 0.17265625 0.49140625 0.01171875 0.01484375
2 0.49765625 0.50625 0.06171875 0.03671875
3 0.096875 0.365625 0.00546875 0.021875
3 0.2078125 0.425 0.003125 0.0125
3 0.221875 0.47578125 0.00390625 0.01328125
3 0.52578125 0.46875 0.00390625 0.0203125
3 0.42421875 0.42109375 0.00390625 0.015625
3 0.4640625 0.421875 0.003125 0.01484375
3 0.2109375 0.42734375 0.003125 0.0140625
3 0.21484375 0.428125 0.00234375 0.01328125