0 0.6546875 0.53046875 0.03125 0.125
2 0.2921875 0.48984375 0.12734375 0.0796875
2 0.465625 0.51875 0.03828125 0.03828125
3 0.8234375 0.36875 0.01875 0.0703125
3 0.5203125 0.13046875 0.015625 0.07265625
3 0.33515625 0.13125 0.01796875 0.07109375
3 0.18203125 0.13125 0.01796875 0.071875
0 0.38828125 0.50390625 0.0046875 0.02734375
1 0.42265625 0.4953125 0.0046875 0.0078125
3 0.2859375 0.4078125 0.00390625 0.01796875
3 0.29140625 0.41015625 0.00390625 0.01640625
3 0.29765625 0.4140625 0.00390625 0.01171875
3 0.60546875 0.40703125 0.003125 0.0171875
3 0.60234375 0.46953125 0.00390625 0.015625
3 0.61328125 0.4640625 0.00234375 0.02265625
3 0.528125 0.45390625 0.003125 0.009375
3 0.546875 0.45390625 0.00234375 0.0078125
3 0.56875 0.45390625 0.003125 0.00703125
3 0.5453125 0.44140625 0.003125 0.01015625
3 0.534375 0.4171875 0.003125 0.01484375
3 0.49296875 0.41640625 0.0046875 0.01484375
3 0.45859375 0.41640625 0.00390625 0.01484375
3 0.3609375 0.39921875 0.0046875 0.01796875
3 0.41171875 0.3984375 0.0046875 0.01953125
3 0.45390625 0.39765625 0.0046875 0.0203125
3 0.42265625 0.45703125 0.00390625 0.009375
3 0.4015625 0.4390625 0.00234375 0.01171875
3 0.6078125 0.40390625 0.003125 0.01796875
3 0.61171875 0.40234375 0.003125 0.01796875