3 0.0125 0.09140625 0.0234375 0.0796875
3 0.1859375 0.09453125 0.01875 0.08125
3 0.390625 0.0984375 0.01875 0.08046875
3 0.71796875 0.36015625 0.01953125 0.078125
3 0.390625 0.42109375 0.00390625 0.015625
3 0.425 0.378125 0.00546875 0.02265625
2 0.359375 0.51796875 0.03359375 0.034375
2 0.42109375 0.515625 0.0359375 0.03828125
3 0.20703125 0.42578125 0.003125 0.0140625
3 0.2109375 0.42734375 0.003125 0.01328125
3 0.2140625 0.42890625 0.00234375 0.01171875
3 0.096875 0.365625 0.00546875 0.02265625
1 0.17265625 0.49140625 0.01015625 0.0125
3 0.42421875 0.42109375 0.00390625 0.015625
3 0.4640625 0.421875 0.00390625 0.0140625