3 0.10546875 0.04453125 0.021875 0.0859375
3 0.3390625 0.046875 0.0203125 0.090625
3 0.35703125 0.421875 0.0046875 0.01484375
3 0.38984375 0.3765625 0.00546875 0.0234375
3 0.70703125 0.34453125 0.021875 0.0859375
1 0.12890625 0.49296875 0.01171875 0.01484375
2 0.03359375 0.4890625 0.06640625 0.05
3 0.046875 0.3609375 0.00625 0.02578125
3 0.16875 0.4265625 0.00234375 0.0140625
3 0.390625 0.421875 0.00390625 0.01640625
3 0.43046875 0.42265625 0.00390625 0.0140625
3 0.171875 0.4265625 0.00234375 0.0140625
3 0.17578125 0.428125 0.003125 0.0109375