2 0.2375 0.57578125 0.17265625 0.15234375
0 0.8109375 0.54375 0.03359375 0.125
3 0.8203125 0.16015625 0.0203125 0.06796875
3 0.853125 0.1265625 0.0234375 0.0734375
3 0.8984375 0.0765625 0.02734375 0.08515625
3 0.70546875 0.4140625 0.0109375 0.04609375
3 0.50546875 0.25625 0.0109375 0.046875
3 0.2796875 0.25703125 0.01171875 0.04609375
3 0.38203125 0.25625 0.0109375 0.046875
0 0.58046875 0.51015625 0.00859375 0.0390625
3 0.58203125 0.47421875 0.00390625 0.01328125
3 0.515625 0.45703125 0.00234375 0.00859375
3 0.53359375 0.4578125 0.0015625 0.00703125
3 0.53125 0.446875 0.00234375 0.01015625
3 0.5546875 0.45859375 0.00234375 0.0078125
3 0.5203125 0.4265625 0.003125 0.01328125
3 0.48359375 0.4265625 0.00390625 0.0125
3 0.45234375 0.4265625 0.00390625 0.0125
3 0.44921875 0.4109375 0.003125 0.01484375
3 0.4109375 0.41171875 0.00390625 0.0140625
3 0.36796875 0.41171875 0.00390625 0.01484375
3 0.29921875 0.41953125 0.003125 0.0140625
3 0.296875 0.46875 0.00234375 0.015625
3 0.3171875 0.4734375 0.003125 0.01484375
3 0.5828125 0.41875 0.003125 0.01484375
3 0.5890625 0.46875 0.003125 0.01640625
2 0.41171875 0.51171875 0.021875 0.021875
1 0.4171875 0.49609375 0.00546875 0.00546875
2 0.44140625 0.5109375 0.02578125 0.025
2 0.50234375 0.50546875 0.01484375 0.021875
3 0.9921875 0.309375 0.01484375 0.1078125
3 0.58671875 0.4171875 0.00234375 0.01328125
3 0.30390625 0.4203125 0.003125 0.01484375
3 0.30859375 0.42578125 0.00234375 0.00859375
2 0.4 0.515625 0.01640625 0.015625
3 0.4171875 0.46015625 0.003125 0.00859375
3 0.3984375 0.4453125 0.00234375 0.0109375