3 0.1859375 0.09296875 0.0203125 0.08046875
3 0.71875 0.359375 0.01953125 0.0765625
3 0.390625 0.42109375 0.00390625 0.0140625
3 0.425 0.378125 0.0046875 0.021875
2 0.05625 0.4859375 0.1125 0.05
1 0.17265625 0.490625 0.0109375 0.01328125
3 0.2078125 0.425 0.003125 0.01328125
3 0.21171875 0.4265625 0.003125 0.01328125
3 0.21484375 0.428125 0.003125 0.01171875
3 0.0984375 0.36484375 0.00703125 0.02265625
3 0.0125 0.09140625 0.0234375 0.08125
3 0.390625 0.09765625 0.01875 0.0796875
3 0.4234375 0.42109375 0.0046875 0.01484375
3 0.46328125 0.421875 0.00390625 0.01484375