2 0.46484375 0.5171875 0.0390625 0.03828125
0 0.6375 0.51953125 0.02109375 0.08515625
3 0.18203125 0.13203125 0.01796875 0.07265625
3 0.33515625 0.13125 0.01640625 0.0734375
3 0.5203125 0.13125 0.0171875 0.07421875
3 0.82421875 0.36796875 0.01953125 0.07109375
0 0.43671875 0.51171875 0.009375 0.04140625
0 0.39921875 0.5046875 0.00703125 0.0234375
3 0.28671875 0.40859375 0.00390625 0.01640625
3 0.29140625 0.41015625 0.00390625 0.0171875
3 0.296875 0.41484375 0.003125 0.01171875
3 0.3078125 0.46953125 0.003125 0.015625
3 0.28046875 0.46171875 0.00234375 0.0234375
3 0.3609375 0.3984375 0.0046875 0.01796875
3 0.41171875 0.39765625 0.00390625 0.01796875
3 0.45390625 0.396875 0.00390625 0.01875
3 0.4578125 0.41640625 0.00390625 0.01484375
3 0.49296875 0.415625 0.00390625 0.01484375
3 0.534375 0.41640625 0.00390625 0.015625
3 0.60546875 0.40703125 0.003125 0.0171875
3 0.60234375 0.46953125 0.003125 0.015625
3 0.61328125 0.4625 0.003125 0.01875
3 0.528125 0.45390625 0.00234375 0.0078125
3 0.546875 0.45390625 0.00234375 0.0078125
3 0.54609375 0.44140625 0.003125 0.01015625
3 0.56875 0.45390625 0.00234375 0.0078125
1 0.42265625 0.49453125 0.00546875 0.00703125
3 0.60859375 0.4046875 0.003125 0.01796875
3 0.6109375 0.40234375 0.00234375 0.01796875
3 0.42265625 0.45703125 0.003125 0.00859375
3 0.4015625 0.4390625 0.00234375 0.0109375