2 0.0828125 0.5109375 0.1015625 0.10703125
3 0.0140625 0.0875 0.021875 0.08671875
3 0.1859375 0.09453125 0.02421875 0.08125
3 0.38984375 0.096875 0.02109375 0.0765625
3 0.71953125 0.36171875 0.02109375 0.07265625
2 0.359375 0.51796875 0.034375 0.0359375
2 0.4203125 0.5140625 0.03671875 0.03671875
2 0.165625 0.50703125 0.0640625 0.03984375
1 0.17265625 0.49140625 0.01015625 0.01328125
3 0.390625 0.4203125 0.00390625 0.0140625
3 0.4234375 0.42109375 0.00390625 0.0140625
3 0.4640625 0.421875 0.0046875 0.0140625
3 0.42421875 0.37734375 0.00625 0.0234375
3 0.09765625 0.365625 0.00703125 0.021875
3 0.20703125 0.425 0.00234375 0.01328125
3 0.2109375 0.4265625 0.00234375 0.01328125
3 0.21484375 0.428125 0.00234375 0.01328125
3 0.221875 0.47578125 0.003125 0.0125