3 0.01171875 0.09140625 0.02109375 0.08046875
3 0.71953125 0.36015625 0.01953125 0.07421875
3 0.425 0.37890625 0.00546875 0.021875
3 0.390625 0.421875 0.00390625 0.015625
3 0.42421875 0.42265625 0.00390625 0.0140625
3 0.46328125 0.42265625 0.00390625 0.01484375
1 0.17265625 0.49140625 0.01171875 0.01484375
3 0.2078125 0.42578125 0.003125 0.01328125
2 0.05625 0.4859375 0.109375 0.046875
3 0.22265625 0.47578125 0.00390625 0.01171875
3 0.09765625 0.365625 0.00703125 0.02421875
3 0.18515625 0.09296875 0.01953125 0.08125
3 0.390625 0.096875 0.0171875 0.08046875
3 0.2109375 0.4265625 0.00234375 0.0125
3 0.21484375 0.428125 0.00234375 0.01171875