0 0.13671875 0.51328125 0.0171875 0.059375
2 0.43203125 0.51953125 0.0375 0.0390625
2 0.45625 0.4953125 0.03671875 0.05703125
3 0.634375 0.4390625 0.0078125 0.03125
3 0.50234375 0.4375 0.003125 0.01171875
3 0.5046875 0.4125 0.00390625 0.01484375
3 0.4765625 0.43828125 0.003125 0.0125
3 0.53359375 0.43828125 0.00390625 0.01171875
3 0.33046875 0.440625 0.00234375 0.00859375
1 0.31875 0.49375 0.00859375 0.01015625
3 0.3390625 0.47890625 0.00234375 0.009375
3 0.66171875 0.28125 0.01328125 0.0421875
3 0.71953125 0.4015625 0.015625 0.0625
3 0.3328125 0.3265625 0.01015625 0.03359375
3 0.40546875 0.3265625 0.009375 0.03203125
3 0.49296875 0.32734375 0.00859375 0.03203125
3 0.1546875 0.215625 0.01328125 0.053125
3 0.27421875 0.215625 0.0125 0.05390625
3 0.01171875 0.21796875 0.0140625 0.04921875
3 0.01328125 0.43828125 0.01171875 0.034375
3 0.6734375 0.26796875 0.015625 0.0453125
3 0.69140625 0.24921875 0.015625 0.04765625
3 0.3328125 0.44140625 0.0015625 0.009375