2 0.42109375 0.515625 0.0359375 0.0375
2 0.359375 0.51796875 0.03515625 0.034375
2 0.31171875 0.50859375 0.07265625 0.0375
2 0.02421875 0.515625 0.04765625 0.140625
1 0.17265625 0.49140625 0.0109375 0.01484375
3 0.71796875 0.36015625 0.0203125 0.0765625
3 0.39140625 0.42109375 0.00390625 0.015625
3 0.4234375 0.421875 0.00390625 0.015625
3 0.46328125 0.421875 0.00390625 0.0140625
3 0.425 0.37890625 0.00546875 0.0203125
3 0.0125 0.090625 0.0234375 0.08203125
3 0.1859375 0.09453125 0.01953125 0.0796875
3 0.390625 0.0984375 0.01875 0.07890625
3 0.096875 0.36484375 0.00625 0.02421875
3 0.2078125 0.42578125 0.00234375 0.0140625
3 0.2109375 0.42734375 0.00234375 0.01328125
3 0.2140625 0.428125 0.00234375 0.01328125
3 0.221875 0.47578125 0.00234375 0.0125