0 0.76171875 0.67890625 0.1484375 0.6375
3 0.18203125 0.13125 0.01875 0.071875
3 0.33515625 0.13203125 0.0171875 0.07265625
3 0.51953125 0.13125 0.01640625 0.071875
3 0.8234375 0.36875 0.01953125 0.071875
2 0.16015625 0.54921875 0.11328125 0.1015625
0 0.625 0.5125 0.015625 0.06171875
2 0.465625 0.51875 0.0390625 0.0390625
2 0.44296875 0.5109375 0.021875 0.0296875
2 0.40078125 0.5140625 0.01875 0.02265625
2 0.41484375 0.51171875 0.021875 0.0265625
1 0.42265625 0.49453125 0.00625 0.0078125
3 0.28046875 0.46171875 0.00234375 0.0234375
3 0.3078125 0.46953125 0.003125 0.01484375
3 0.2859375 0.4078125 0.003125 0.01640625
3 0.3609375 0.3984375 0.0046875 0.01796875
3 0.41171875 0.3984375 0.0046875 0.01953125
3 0.45390625 0.39765625 0.0046875 0.01875
3 0.45859375 0.415625 0.00390625 0.01484375
3 0.49296875 0.41484375 0.00390625 0.01171875
3 0.534375 0.41640625 0.00390625 0.01640625
3 0.6046875 0.40703125 0.00234375 0.01640625
3 0.61328125 0.4640625 0.003125 0.021875
3 0.528125 0.4546875 0.003125 0.00859375
3 0.54609375 0.45390625 0.00234375 0.00859375
3 0.5453125 0.44140625 0.003125 0.0109375
3 0.56953125 0.453125 0.00390625 0.00859375
3 0.60234375 0.46953125 0.00390625 0.01640625
3 0.6078125 0.4046875 0.00234375 0.01875
3 0.6109375 0.40234375 0.003125 0.01640625
3 0.29140625 0.41015625 0.003125 0.01640625
3 0.29765625 0.41484375 0.003125 0.0125
3 0.4015625 0.4390625 0.00234375 0.01171875
3 0.42265625 0.45625 0.00234375 0.009375