2 0.2921875 0.56171875 0.13515625 0.12265625
0 0.634375 0.51171875 0.0140625 0.04453125
2 0.0640625 0.5109375 0.08828125 0.03984375
2 0.15 0.50859375 0.05390625 0.03203125
2 0.4234375 0.5125 0.021875 0.02421875
2 0.44140625 0.50859375 0.01171875 0.01640625
2 0.45703125 0.50859375 0.01875 0.01953125
2 0.50234375 0.50390625 0.0125 0.01953125
1 0.43359375 0.496875 0.00390625 0.0046875
0 0.5546875 0.5078125 0.00546875 0.0234375
3 0.59609375 0.4609375 0.0046875 0.01953125
3 0.56015625 0.48203125 0.0046875 0.01015625
3 0.5140625 0.46328125 0.003125 0.00546875
3 0.52578125 0.45703125 0.00234375 0.00703125
3 0.52890625 0.46328125 0.003125 0.00546875
3 0.48828125 0.4453125 0.003125 0.009375
3 0.46484375 0.44453125 0.003125 0.01015625
3 0.51640625 0.4453125 0.00234375 0.00859375
3 0.503125 0.3875 0.00625 0.021875
3 0.396875 0.38671875 0.00703125 0.0234375
3 0.4453125 0.38671875 0.00703125 0.025
3 0.40703125 0.43828125 0.00390625 0.009375
3 0.4390625 0.4375 0.00234375 0.009375
3 0.4640625 0.43828125 0.003125 0.01171875
3 0.13671875 0.36796875 0.00703125 0.025
3 0.18515625 0.46015625 0.00625 0.0203125
3 0.08515625 0.4453125 0.0046875 0.02890625
3 0.21171875 0.34375 0.00703125 0.02890625
3 0.290625 0.34375 0.0078125 0.02890625
3 0.35625 0.3421875 0.00703125 0.03125
3 0.62265625 0.36875 0.0046875 0.02109375
3 0.640625 0.44609375 0.00625 0.02421875
3 0.6296875 0.3640625 0.00546875 0.0234375
3 0.6359375 0.35859375 0.0046875 0.02578125
3 0.14921875 0.37265625 0.00703125 0.02421875
3 0.1625 0.378125 0.00625 0.02265625
2 0.00703125 0.52265625 0.01328125 0.04453125