2 0.50234375 0.4953125 0.0328125 0.0515625
0 0.29921875 0.51015625 0.00859375 0.0375
3 0.18203125 0.13203125 0.01875 0.071875
3 0.33515625 0.13203125 0.01796875 0.071875
3 0.5203125 0.13203125 0.01640625 0.071875
3 0.8234375 0.36953125 0.01953125 0.07109375
2 0.015625 0.55078125 0.03125 0.0921875
0 0.36875 0.50546875 0.00625 0.028125
1 0.42265625 0.4953125 0.00546875 0.00703125
3 0.28046875 0.46328125 0.00234375 0.01875
3 0.3078125 0.4703125 0.003125 0.01484375
3 0.2859375 0.4078125 0.003125 0.01640625
3 0.3609375 0.39921875 0.0046875 0.0171875
3 0.41171875 0.3984375 0.00390625 0.01953125
3 0.45390625 0.3984375 0.0046875 0.02109375
3 0.45859375 0.4171875 0.00390625 0.0140625
3 0.49296875 0.4171875 0.00390625 0.01484375
3 0.534375 0.4171875 0.003125 0.01328125
3 0.528125 0.45390625 0.00234375 0.00625
3 0.546875 0.45390625 0.00234375 0.00703125
3 0.5453125 0.44140625 0.00234375 0.0078125
3 0.56875 0.45390625 0.00234375 0.00625
3 0.60546875 0.4078125 0.003125 0.0171875
3 0.60234375 0.4703125 0.00390625 0.01484375
3 0.61328125 0.46484375 0.003125 0.0203125
2 0.465625 0.51875 0.0390625 0.03828125
3 0.29140625 0.41015625 0.003125 0.01640625
3 0.296875 0.41484375 0.003125 0.01171875
3 0.4015625 0.43984375 0.00234375 0.0109375
3 0.4234375 0.4578125 0.003125 0.01015625
3 0.60859375 0.40546875 0.00234375 0.0171875
3 0.6109375 0.403125 0.00234375 0.0171875