3 0.1859375 0.09375 0.0203125 0.08125
3 0.71796875 0.36015625 0.01953125 0.078125
3 0.425 0.378125 0.00546875 0.021875
3 0.390625 0.42109375 0.00390625 0.015625
2 0.359375 0.51796875 0.034375 0.03515625
2 0.5625 0.51953125 0.046875 0.04296875
1 0.17265625 0.490625 0.0109375 0.01328125
3 0.0984375 0.36484375 0.0078125 0.025
3 0.20703125 0.42578125 0.00234375 0.0140625
3 0.2109375 0.4265625 0.00234375 0.01328125
3 0.21484375 0.428125 0.00234375 0.0125
3 0.221875 0.475 0.00234375 0.0125
3 0.01171875 0.090625 0.02265625 0.08203125
3 0.390625 0.09765625 0.01875 0.08046875
3 0.4234375 0.42109375 0.00390625 0.015625
3 0.46328125 0.421875 0.00390625 0.01484375