3 0.0125 0.090625 0.02265625 0.08046875
3 0.18515625 0.09296875 0.0203125 0.08046875
3 0.390625 0.09765625 0.01953125 0.08125
3 0.71875 0.36015625 0.0203125 0.07734375
3 0.425 0.378125 0.00546875 0.02265625
3 0.39140625 0.42109375 0.00390625 0.015625
3 0.4234375 0.421875 0.00390625 0.01484375
3 0.4640625 0.421875 0.003125 0.01484375
2 0.359375 0.5171875 0.034375 0.03515625
2 0.42109375 0.515625 0.03671875 0.0375
2 0.228125 0.50546875 0.05234375 0.0609375
1 0.17265625 0.490625 0.01015625 0.01328125
3 0.20703125 0.42578125 0.00234375 0.01328125
3 0.2109375 0.4265625 0.003125 0.01328125
3 0.2140625 0.42890625 0.00234375 0.01328125
3 0.0984375 0.3640625 0.00625 0.025