3 0.01171875 0.090625 0.021875 0.08203125
3 0.1859375 0.09375 0.0203125 0.08125
3 0.390625 0.09765625 0.01875 0.08046875
3 0.71875 0.36015625 0.01953125 0.0765625
3 0.390625 0.421875 0.00390625 0.01484375
3 0.425 0.37890625 0.0046875 0.021875
2 0.3640625 0.515625 0.03046875 0.0328125
2 0.42421875 0.51484375 0.0328125 0.03515625
1 0.17265625 0.49140625 0.01171875 0.01484375
3 0.0984375 0.3640625 0.0078125 0.02578125
3 0.5265625 0.46875 0.003125 0.02109375
3 0.2078125 0.425 0.00234375 0.01328125
3 0.2109375 0.4265625 0.003125 0.01328125
3 0.21484375 0.428125 0.003125 0.01328125
3 0.221875 0.47578125 0.00234375 0.01171875
3 0.42421875 0.421875 0.00390625 0.0140625
3 0.4640625 0.421875 0.00390625 0.0140625
0 0.4453125 0.5171875 0.00703125 0.02578125