3 0.0125 0.090625 0.02265625 0.08125
3 0.1859375 0.09375 0.0203125 0.08203125
3 0.390625 0.09765625 0.01953125 0.08125
3 0.71796875 0.359375 0.0203125 0.07734375
2 0.359375 0.51796875 0.03515625 0.03515625
2 0.4203125 0.51484375 0.0359375 0.0375
3 0.390625 0.421875 0.00390625 0.015625
3 0.425 0.378125 0.00546875 0.02265625
1 0.17265625 0.490625 0.01015625 0.01328125
3 0.2078125 0.42578125 0.00234375 0.0140625
3 0.221875 0.47578125 0.003125 0.0125
3 0.0984375 0.36484375 0.0078125 0.025
3 0.5265625 0.46875 0.00390625 0.02109375
3 0.42421875 0.421875 0.00390625 0.01640625
3 0.4640625 0.421875 0.003125 0.015625
3 0.2109375 0.4265625 0.00234375 0.01328125
3 0.21484375 0.42890625 0.003125 0.01328125