3 0.0125 0.090625 0.02265625 0.08046875
3 0.1859375 0.09375 0.0203125 0.0796875
3 0.390625 0.09765625 0.01875 0.0796875
3 0.71796875 0.36015625 0.0203125 0.07734375
2 0.06171875 0.4859375 0.10078125 0.0515625
3 0.39140625 0.421875 0.0046875 0.01484375
3 0.4234375 0.421875 0.00390625 0.0140625
3 0.42421875 0.378125 0.00546875 0.021875
1 0.17265625 0.490625 0.0109375 0.0140625
3 0.46328125 0.421875 0.00390625 0.01484375
3 0.52578125 0.46640625 0.00390625 0.0171875
3 0.20703125 0.425 0.003125 0.01328125
3 0.2109375 0.4265625 0.003125 0.01328125
3 0.2140625 0.428125 0.00234375 0.0125
3 0.221875 0.47578125 0.00234375 0.01171875
3 0.0984375 0.3640625 0.0078125 0.0265625