0 0.33828125 0.54453125 0.04375 0.13984375
3 0.18203125 0.1328125 0.01953125 0.0734375
3 0.33515625 0.13203125 0.01796875 0.0734375
3 0.5203125 0.13125 0.0171875 0.07265625
3 0.8234375 0.36875 0.01875 0.071875
0 0.28359375 0.5109375 0.0078125 0.03671875
2 0.23203125 0.5265625 0.06640625 0.05390625
0 0.37890625 0.50703125 0.00546875 0.0234375
3 0.2796875 0.46328125 0.00234375 0.01875
3 0.3078125 0.4703125 0.003125 0.015625
3 0.2859375 0.4078125 0.003125 0.0171875
3 0.3609375 0.3984375 0.0046875 0.01796875
3 0.41171875 0.3984375 0.0046875 0.01953125
3 0.45390625 0.3984375 0.0046875 0.02109375
3 0.45859375 0.41640625 0.00390625 0.015625
3 0.49296875 0.41640625 0.0046875 0.01484375
3 0.534375 0.41640625 0.00390625 0.015625
3 0.528125 0.45390625 0.003125 0.00859375
3 0.546875 0.45390625 0.00234375 0.00859375
3 0.5453125 0.44140625 0.003125 0.01171875
3 0.56875 0.45390625 0.003125 0.00859375
3 0.60234375 0.46953125 0.00390625 0.015625
3 0.60546875 0.40703125 0.003125 0.0171875
1 0.42265625 0.49453125 0.00546875 0.00703125
2 0.465625 0.51875 0.0390625 0.0390625
2 0.496875 0.49453125 0.03828125 0.06015625
3 0.60859375 0.40390625 0.00234375 0.01875
3 0.6109375 0.40234375 0.00234375 0.01875
3 0.29140625 0.41015625 0.003125 0.0171875
3 0.296875 0.41484375 0.003125 0.01171875
3 0.42265625 0.45625 0.003125 0.009375
3 0.4015625 0.43984375 0.003125 0.0109375