3 0.0125 0.090625 0.02265625 0.08125
3 0.1859375 0.09375 0.0203125 0.08046875
3 0.390625 0.09765625 0.01953125 0.08046875
3 0.71875 0.359375 0.0203125 0.0765625
3 0.390625 0.42109375 0.00390625 0.015625
3 0.425 0.378125 0.00625 0.02265625
2 0.359375 0.51796875 0.034375 0.03515625
2 0.07890625 0.49453125 0.0796875 0.03125
2 0.42109375 0.5140625 0.03671875 0.03984375
1 0.1734375 0.490625 0.01015625 0.01484375
3 0.20703125 0.425 0.00234375 0.0125
3 0.221875 0.47578125 0.00234375 0.01171875
3 0.0984375 0.36484375 0.0078125 0.0234375
3 0.4234375 0.42109375 0.003125 0.015625
3 0.4640625 0.421875 0.003125 0.0140625
3 0.2109375 0.4265625 0.00234375 0.0140625
3 0.21484375 0.428125 0.00234375 0.0140625