2 0.08671875 0.55859375 0.14375 0.121875
0 0.6296875 0.51640625 0.01796875 0.071875
0 0.54453125 0.51171875 0.01484375 0.040625
3 0.18203125 0.13203125 0.01953125 0.0734375
3 0.33515625 0.13125 0.01796875 0.0734375
3 0.51953125 0.13125 0.01640625 0.07265625
3 0.8234375 0.36875 0.01875 0.07265625
2 0.37578125 0.5140625 0.02734375 0.02578125
2 0.40546875 0.5125 0.0296875 0.025
2 0.465625 0.51796875 0.0390625 0.0390625
2 0.4515625 0.51015625 0.0265625 0.03203125
1 0.42265625 0.49453125 0.00625 0.0078125
3 0.28671875 0.4078125 0.00390625 0.0171875
3 0.2796875 0.46328125 0.00234375 0.01875
3 0.3078125 0.46953125 0.00390625 0.01484375
3 0.3609375 0.39921875 0.0046875 0.01875
3 0.41171875 0.3984375 0.0046875 0.01875
3 0.45859375 0.41640625 0.00390625 0.015625
3 0.45390625 0.39765625 0.0046875 0.02109375
3 0.49296875 0.41640625 0.0046875 0.0171875
3 0.534375 0.41640625 0.00390625 0.01640625
3 0.528125 0.45390625 0.00234375 0.00859375
3 0.54609375 0.45390625 0.003125 0.00859375
3 0.5453125 0.44140625 0.003125 0.01015625
3 0.56875 0.4546875 0.00234375 0.00859375
3 0.6015625 0.46953125 0.00390625 0.015625
3 0.6046875 0.40625 0.00390625 0.01953125
3 0.6125 0.4625 0.00390625 0.01953125
3 0.29140625 0.41015625 0.003125 0.01640625
3 0.29765625 0.4140625 0.00390625 0.0125
3 0.42265625 0.45625 0.00234375 0.0078125
3 0.4015625 0.4390625 0.003125 0.0109375
3 0.6078125 0.40390625 0.00234375 0.01953125
3 0.6109375 0.40234375 0.00234375 0.01875