3 0.09765625 0.04140625 0.025 0.0828125
3 0.2921875 0.04140625 0.02265625 0.0828125
3 0.525 0.040625 0.021875 0.08125
3 0.909375 0.33515625 0.02421875 0.090625
2 0.5046875 0.49609375 0.034375 0.0546875
2 0.46796875 0.5203125 0.0390625 0.040625
1 0.4203125 0.4953125 0.00625 0.00859375
0 0.36171875 0.509375 0.00625 0.0265625
0 0.29140625 0.5125 0.009375 0.03984375
3 0.27421875 0.40390625 0.00390625 0.01796875
3 0.26640625 0.46171875 0.00234375 0.01953125
3 0.2984375 0.46875 0.00390625 0.015625
3 0.35234375 0.39375 0.0046875 0.01875
3 0.40625 0.39296875 0.0046875 0.01875
3 0.4515625 0.3921875 0.0046875 0.01953125
3 0.45703125 0.41484375 0.00390625 0.01640625
3 0.49296875 0.4140625 0.0046875 0.015625
3 0.5359375 0.41328125 0.003125 0.01484375
3 0.52890625 0.4546875 0.003125 0.00859375
3 0.54765625 0.4546875 0.00234375 0.00859375
3 0.546875 0.440625 0.003125 0.0109375
3 0.57109375 0.4546875 0.003125 0.01015625
3 0.6078125 0.46953125 0.00390625 0.01640625
3 0.6109375 0.403125 0.003125 0.01875
3 0.6140625 0.40078125 0.00234375 0.01953125
3 0.6171875 0.39921875 0.003125 0.01796875
3 0.6203125 0.46328125 0.003125 0.02578125
3 0.2796875 0.40546875 0.003125 0.01796875
3 0.28671875 0.41015625 0.003125 0.01484375