3 0.01171875 0.090625 0.0234375 0.08125
3 0.1859375 0.09453125 0.02109375 0.0796875
3 0.390625 0.09765625 0.01953125 0.08125
3 0.71796875 0.36015625 0.01953125 0.07734375
3 0.39140625 0.421875 0.00390625 0.015625
3 0.425 0.37890625 0.00546875 0.0234375
2 0.36015625 0.5171875 0.034375 0.034375
2 0.42109375 0.515625 0.0359375 0.03828125
1 0.17265625 0.490625 0.0109375 0.0140625
3 0.20703125 0.425 0.00234375 0.01484375
3 0.221875 0.475 0.00390625 0.01328125
3 0.5265625 0.46875 0.00390625 0.0203125
3 0.0984375 0.36484375 0.0078125 0.02421875
3 0.42421875 0.421875 0.00390625 0.0140625
3 0.4640625 0.42265625 0.00390625 0.0140625
3 0.2109375 0.42734375 0.00234375 0.01484375
3 0.21484375 0.428125 0.003125 0.0125