2 0.359375 0.5171875 0.034375 0.0359375
3 0.0125 0.08984375 0.0234375 0.0828125
3 0.1859375 0.09375 0.01953125 0.08203125
3 0.390625 0.0984375 0.01875 0.08046875
3 0.71796875 0.359375 0.01953125 0.0765625
2 0.0875 0.48359375 0.0984375 0.0484375
1 0.17265625 0.490625 0.01171875 0.015625
3 0.2078125 0.42578125 0.00234375 0.01328125
3 0.221875 0.47578125 0.003125 0.01328125
3 0.425 0.378125 0.00546875 0.02265625
3 0.390625 0.421875 0.0046875 0.0171875
3 0.42421875 0.421875 0.00390625 0.015625
3 0.4640625 0.421875 0.0046875 0.01484375
3 0.0984375 0.3640625 0.00703125 0.025
3 0.21015625 0.4265625 0.00234375 0.01328125
3 0.21328125 0.428125 0.00234375 0.0125