2 0.3015625 0.55859375 0.12734375 0.11796875
0 0.634375 0.51796875 0.0125 0.05390625
2 0.02890625 0.5109375 0.0578125 0.046875
2 0.1125 0.509375 0.0625 0.03828125
3 0.07109375 0.34375 0.01015625 0.03125
3 0.13515625 0.453125 0.0078125 0.0265625
3 0.14609375 0.30859375 0.009375 0.03515625
3 0.24296875 0.3078125 0.009375 0.0359375
3 0.32421875 0.30625 0.009375 0.03828125
3 0.64765625 0.34375 0.0046875 0.028125
3 0.6734375 0.43359375 0.00625 0.034375
3 0.6109375 0.45390625 0.00546875 0.02421875
3 0.38203125 0.36875 0.00703125 0.025
3 0.43671875 0.36953125 0.00703125 0.025
3 0.503125 0.36953125 0.00625 0.025
3 0.39921875 0.43359375 0.00390625 0.01171875
3 0.43359375 0.4328125 0.003125 0.01171875
3 0.4625 0.44375 0.003125 0.0078125
3 0.46171875 0.4328125 0.003125 0.01171875
3 0.48671875 0.44296875 0.003125 0.01015625
3 0.5140625 0.46328125 0.00234375 0.00703125
3 0.51640625 0.44140625 0.003125 0.0109375
3 0.5296875 0.4640625 0.00234375 0.00703125
3 0.52734375 0.4546875 0.00234375 0.00703125
3 0.3546875 0.4796875 0.00234375 0.0109375
0 0.559375 0.5078125 0.00546875 0.0265625
3 0.56484375 0.48046875 0.003125 0.01171875
2 0.50234375 0.5046875 0.01328125 0.01953125
2 0.45390625 0.509375 0.02109375 0.021875
2 0.4015625 0.51484375 0.02734375 0.03125
2 0.42109375 0.51328125 0.0125 0.0140625
2 0.43125 0.51015625 0.0171875 0.01875
1 0.4296875 0.496875 0.00390625 0.0046875
3 0.08828125 0.35 0.0109375 0.03046875
3 0.10625 0.35703125 0.01015625 0.028125
3 0.42734375 0.465625 0.0015625 0.00703125
3 0.41484375 0.45390625 0.00234375 0.0078125
3 0.6546875 0.3359375 0.0046875 0.0328125
3 0.66328125 0.3296875 0.0046875 0.0296875