2 0.334375 0.51328125 0.04140625 0.02734375
3 0.0125 0.090625 0.0234375 0.08203125
3 0.1859375 0.09375 0.0203125 0.08046875
3 0.390625 0.09765625 0.01875 0.08046875
3 0.71875 0.36015625 0.02109375 0.07890625
2 0.5171875 0.51171875 0.021875 0.03125
3 0.425 0.378125 0.00546875 0.02265625
3 0.39140625 0.42109375 0.00390625 0.01484375
3 0.42421875 0.421875 0.00390625 0.01484375
3 0.4640625 0.42265625 0.0046875 0.0140625
1 0.17265625 0.48984375 0.01171875 0.0140625
3 0.20703125 0.425 0.003125 0.0140625
3 0.221875 0.47578125 0.00234375 0.0125
3 0.0984375 0.3640625 0.0078125 0.0265625
3 0.2109375 0.4265625 0.003125 0.0140625
3 0.21484375 0.42890625 0.00234375 0.0140625