0 0.0578125 0.51953125 0.01796875 0.06328125
3 0.13515625 0.28828125 0.01015625 0.0375
3 0.24296875 0.2875 0.01015625 0.03984375
3 0.3328125 0.28671875 0.01015625 0.0421875
3 0.0265625 0.3265625 0.0109375 0.03125
3 0.09921875 0.44921875 0.01015625 0.028125
3 0.63203125 0.325 0.00703125 0.03203125
3 0.66640625 0.42421875 0.01171875 0.04140625
3 0.6140625 0.44921875 0.00703125 0.0265625
3 0.49609375 0.35703125 0.00703125 0.02734375
3 0.4234375 0.35625 0.00703125 0.0265625
3 0.36328125 0.35625 0.00703125 0.02734375
0 0.1984375 0.51171875 0.01328125 0.04765625
1 0.33671875 0.49375 0.00859375 0.01015625
2 0.4609375 0.49375 0.03515625 0.0609375
2 0.434375 0.51875 0.0375 0.040625
3 0.48046875 0.4421875 0.003125 0.0125
3 0.5046875 0.44296875 0.003125 0.01171875
3 0.50625 0.4203125 0.00390625 0.01484375
3 0.53359375 0.4421875 0.00390625 0.0109375
3 0.04609375 0.334375 0.009375 0.03125
3 0.06640625 0.34296875 0.009375 0.03046875
3 0.64140625 0.31640625 0.00703125 0.0328125
3 0.653125 0.30625 0.00703125 0.0375
3 0.3015625 0.4140625 0.00390625 0.0125
3 0.3453125 0.4453125 0.003125 0.009375