2 0.2703125 0.56796875 0.1515625 0.13515625
0 0.7171875 0.52890625 0.02109375 0.08671875
3 0.03203125 0.14921875 0.01875 0.0671875
3 0.1796875 0.14921875 0.0171875 0.06875
3 0.7296875 0.25625 0.01640625 0.0484375
3 0.80625 0.38203125 0.01640625 0.065625
3 0.32890625 0.3109375 0.0109375 0.03671875
3 0.40859375 0.3109375 0.00859375 0.03515625
3 0.50390625 0.31171875 0.00859375 0.034375
3 0.6609375 0.4328125 0.01015625 0.0359375
2 0.03046875 0.5171875 0.0609375 0.05703125
3 0.31640625 0.4234375 0.003125 0.0078125
3 0.33203125 0.4765625 0.003125 0.01328125
3 0.38046875 0.42109375 0.0046875 0.01484375
3 0.4203125 0.4203125 0.003125 0.0140625
3 0.45703125 0.4328125 0.0046875 0.01328125
3 0.45390625 0.41796875 0.00390625 0.0125
2 0.4078125 0.5140625 0.015625 0.01640625
2 0.41875 0.5109375 0.01875 0.021875
1 0.421875 0.49609375 0.00546875 0.00625
2 0.44609375 0.51015625 0.025 0.02421875
2 0.50234375 0.5046875 0.01328125 0.021875
0 0.57109375 0.51015625 0.0078125 0.03203125
3 0.575 0.47578125 0.00390625 0.0125
3 0.5796875 0.425 0.003125 0.015625
3 0.58125 0.471875 0.00234375 0.015625
3 0.53203125 0.46015625 0.0015625 0.00703125
3 0.55234375 0.46015625 0.00234375 0.0078125
3 0.51484375 0.46015625 0.00234375 0.00625
3 0.53046875 0.45 0.00234375 0.0078125
3 0.51953125 0.4328125 0.003125 0.0109375
3 0.48515625 0.43203125 0.00390625 0.0125
3 0.74609375 0.2390625 0.015625 0.0515625
3 0.7671875 0.215625 0.0171875 0.05546875
3 0.5765625 0.425 0.00234375 0.0140625
3 0.4203125 0.46171875 0.00234375 0.00703125
3 0.4046875 0.4484375 0.00234375 0.00859375
2 0.3265625 0.52421875 0.0375 0.04921875
3 0.3203125 0.42734375 0.00234375 0.01328125
3 0.3234375 0.428125 0.00234375 0.0109375