3 0.0125 0.090625 0.02265625 0.08203125
3 0.18515625 0.09453125 0.01953125 0.08125
3 0.390625 0.09765625 0.01875 0.0796875
3 0.71796875 0.36015625 0.02109375 0.07734375
3 0.390625 0.42109375 0.0046875 0.015625
3 0.425 0.378125 0.00546875 0.02265625
2 0.359375 0.51796875 0.034375 0.03515625
2 0.42109375 0.51484375 0.03671875 0.03828125
1 0.17265625 0.49140625 0.01171875 0.01484375
3 0.2078125 0.42578125 0.00234375 0.01484375
3 0.22109375 0.475 0.00234375 0.0125
3 0.09765625 0.3640625 0.00703125 0.025
3 0.42421875 0.421875 0.00390625 0.0140625
3 0.46328125 0.42109375 0.00390625 0.015625
3 0.2109375 0.4265625 0.00234375 0.01328125
3 0.2140625 0.428125 0.003125 0.01328125