3 0.01171875 0.08984375 0.0234375 0.0828125
3 0.1859375 0.09296875 0.0203125 0.07890625
3 0.39140625 0.0984375 0.01953125 0.07890625
3 0.71875 0.359375 0.02265625 0.0796875
3 0.39140625 0.42109375 0.0046875 0.01640625
3 0.425 0.378125 0.00625 0.02265625
2 0.0796875 0.4796875 0.065625 0.03828125
3 0.09765625 0.36484375 0.0078125 0.025
3 0.20703125 0.425 0.003125 0.01484375
3 0.221875 0.47578125 0.003125 0.0125
1 0.1734375 0.49140625 0.01171875 0.015625
3 0.42421875 0.421875 0.00390625 0.015625
3 0.4640625 0.42109375 0.00390625 0.0140625
3 0.2109375 0.4265625 0.003125 0.01328125
3 0.21484375 0.428125 0.00234375 0.01328125