2 0.4765625 0.490625 0.0875 0.07265625
0 0.59609375 0.54453125 0.0578125 0.1375
3 0.18203125 0.13125 0.01953125 0.0734375
3 0.3359375 0.13125 0.01796875 0.07421875
3 0.5203125 0.13125 0.0171875 0.07421875
3 0.82421875 0.36875 0.0203125 0.0734375
0 0.290625 0.5078125 0.01171875 0.04140625
2 0.3265625 0.51875 0.04140625 0.03984375
3 0.2796875 0.46328125 0.00234375 0.01875
3 0.3078125 0.46953125 0.003125 0.01484375
3 0.2859375 0.40859375 0.003125 0.01640625
2 0.465625 0.51875 0.03828125 0.0390625
1 0.42265625 0.49453125 0.00625 0.00703125
0 0.3828125 0.50546875 0.0046875 0.02734375
3 0.3609375 0.3984375 0.0046875 0.01796875
3 0.41171875 0.3984375 0.0046875 0.0203125
3 0.45390625 0.39765625 0.0046875 0.01953125
3 0.45859375 0.415625 0.00390625 0.01484375
3 0.49296875 0.41640625 0.0046875 0.01796875
3 0.534375 0.41640625 0.003125 0.015625
3 0.52734375 0.45390625 0.003125 0.00859375
3 0.54609375 0.45390625 0.003125 0.00859375
3 0.5453125 0.44140625 0.003125 0.0109375
3 0.56875 0.45390625 0.00234375 0.0078125
3 0.6015625 0.46875 0.00390625 0.01328125
3 0.60546875 0.40703125 0.003125 0.0171875
3 0.6078125 0.40390625 0.003125 0.0171875
3 0.6109375 0.4015625 0.003125 0.0171875
3 0.61328125 0.46328125 0.003125 0.021875
3 0.29140625 0.41015625 0.003125 0.0171875
3 0.296875 0.41484375 0.003125 0.0125
3 0.42265625 0.45546875 0.00234375 0.00625
3 0.4015625 0.4390625 0.00234375 0.0109375