2 0.28203125 0.56484375 0.14375 0.13046875
2 0.07890625 0.53046875 0.1578125 0.2265625
2 0.18359375 0.5078125 0.04765625 0.03125
3 0.1875 0.38828125 0.00546875 0.0203125
3 0.22421875 0.46484375 0.00390625 0.01796875
3 0.25859375 0.36953125 0.00546875 0.0234375
3 0.325 0.36875 0.00625 0.02421875
3 0.38046875 0.36875 0.00546875 0.025
3 0.615625 0.3796875 0.00546875 0.02265625
3 0.58515625 0.465625 0.00625 0.01875
3 0.61953125 0.45390625 0.00625 0.02421875
3 0.5578125 0.48203125 0.00390625 0.01171875
3 0.46796875 0.45078125 0.003125 0.0078125
3 0.48984375 0.45 0.003125 0.01015625
3 0.51328125 0.4640625 0.00234375 0.00625
3 0.515625 0.45 0.00390625 0.009375
3 0.525 0.4609375 0.00390625 0.01015625
3 0.5453125 0.465625 0.003125 0.00703125
3 0.503125 0.4015625 0.00546875 0.01953125
3 0.453125 0.40234375 0.00546875 0.0203125
3 0.4109375 0.40078125 0.0046875 0.01953125
0 0.55234375 0.50703125 0.00546875 0.02265625
2 0.50078125 0.5046875 0.0125 0.01875
2 0.4609375 0.50859375 0.0203125 0.0171875
2 0.43984375 0.5109375 0.0171875 0.02109375
2 0.42890625 0.51015625 0.00703125 0.015625
1 0.4359375 0.49765625 0.00390625 0.0046875
0 0.653125 0.509375 0.01640625 0.04296875
3 0.196875 0.38984375 0.00546875 0.0203125
3 0.20703125 0.39375 0.0046875 0.01953125
3 0.60546875 0.3859375 0.00390625 0.0171875
3 0.61015625 0.3828125 0.00546875 0.02109375
3 0.3734375 0.4828125 0.00234375 0.0109375
3 0.44375 0.44296875 0.003125 0.0109375
3 0.46796875 0.44140625 0.003125 0.009375
3 0.42421875 0.459375 0.00234375 0.0078125
3 0.43359375 0.46953125 0.00234375 0.0078125