0 0.62265625 0.51171875 0.01640625 0.05546875
3 0.18203125 0.13203125 0.01953125 0.07265625
3 0.33515625 0.13125 0.01796875 0.07265625
3 0.51953125 0.13125 0.01640625 0.0734375
3 0.8234375 0.36796875 0.01875 0.07265625
2 0.16015625 0.54921875 0.11484375 0.1015625
2 0.4 0.5125 0.01875 0.025
2 0.44375 0.509375 0.02421875 0.02890625
2 0.46328125 0.51875 0.040625 0.040625
2 0.415625 0.5109375 0.021875 0.02734375
1 0.42265625 0.49453125 0.00625 0.0078125
3 0.28046875 0.4609375 0.00234375 0.02265625
3 0.3078125 0.4703125 0.003125 0.01484375
3 0.2859375 0.4078125 0.003125 0.0171875
3 0.3609375 0.3984375 0.0046875 0.01875
3 0.41171875 0.3984375 0.0046875 0.0203125
3 0.45390625 0.39765625 0.0046875 0.01953125
3 0.4578125 0.41640625 0.00390625 0.01640625
3 0.49296875 0.41640625 0.00390625 0.01484375
3 0.534375 0.41640625 0.003125 0.01640625
3 0.52734375 0.45390625 0.00234375 0.00859375
3 0.546875 0.45390625 0.00234375 0.00859375
3 0.5453125 0.44140625 0.003125 0.01171875
3 0.56875 0.4546875 0.00234375 0.0078125
3 0.6015625 0.46953125 0.00390625 0.015625
3 0.6046875 0.40703125 0.003125 0.01953125
3 0.61328125 0.4640625 0.003125 0.02109375
0 0.46640625 0.49453125 0.0046875 0.0109375
3 0.60859375 0.40390625 0.003125 0.01953125
3 0.6109375 0.40234375 0.003125 0.01875
3 0.29140625 0.41015625 0.003125 0.01796875
3 0.296875 0.41484375 0.00390625 0.01171875
3 0.4015625 0.4390625 0.003125 0.01328125
3 0.42265625 0.45625 0.00234375 0.01015625