0 0.27421875 0.51484375 0.0109375 0.04296875
2 0.5109375 0.496875 0.03515625 0.053125
2 0.47578125 0.521875 0.040625 0.04140625
0 0.34765625 0.50859375 0.00859375 0.0328125
3 0.25078125 0.39375 0.0046875 0.01953125
3 0.28125 0.4671875 0.00390625 0.01796875
3 0.23828125 0.45859375 0.00234375 0.0234375
3 0.3359375 0.38046875 0.00625 0.02109375
3 0.39765625 0.3796875 0.00546875 0.021875
3 0.4484375 0.3796875 0.00546875 0.02421875
3 0.45546875 0.40625 0.00546875 0.01796875
3 0.49609375 0.40625 0.0046875 0.0171875
3 0.54375 0.40625 0.00390625 0.01796875
3 0.53359375 0.453125 0.003125 0.01015625
3 0.553125 0.453125 0.00390625 0.009375
3 0.55390625 0.43828125 0.00390625 0.01171875
3 0.62265625 0.4671875 0.00546875 0.0171875
3 0.578125 0.453125 0.00390625 0.009375
3 0.62734375 0.39375 0.00390625 0.021875
3 0.640625 0.4578125 0.003125 0.0234375
1 0.41953125 0.49609375 0.0078125 0.00859375
3 0.63203125 0.3890625 0.00390625 0.02109375
3 0.63671875 0.38515625 0.00390625 0.021875
3 0.25859375 0.4 0.00390625 0.0140625
3 0.2671875 0.4 0.00390625 0.0203125
3 0.3953125 0.4359375 0.00234375 0.01171875
3 0.4203125 0.4546875 0.00234375 0.0078125