2 0.26875 0.5140625 0.071875 0.0390625
3 0.23671875 0.18203125 0.02421875 0.06796875
3 0.30546875 0.0859375 0.02890625 0.08984375
3 0.1796875 0.40859375 0.01015625 0.040625
3 0.74453125 0.37265625 0.00625 0.021875
3 0.80625 0.3625 0.00703125 0.02421875
3 0.8953125 0.34765625 0.0078125 0.0265625
3 0.43828125 0.3671875 0.00703125 0.02265625
3 0.475 0.37890625 0.00625 0.0203125
3 0.5109375 0.390625 0.00625 0.01640625
3 0.55859375 0.4625 0.0046875 0.01640625
0 0.3984375 0.503125 0.00625 0.0234375
0 0.475 0.50234375 0.00625 0.02890625
1 0.78203125 0.4953125 0.0046875 0.00625
3 0.871875 0.47109375 0.0015625 0.0046875
3 0.88671875 0.4703125 0.0015625 0.00546875
3 0.890625 0.453125 0.0015625 0.00703125
3 0.90703125 0.46953125 0.0015625 0.0078125
2 0.8578125 0.50390625 0.015625 0.0125
2 0.8875 0.503125 0.0171875 0.0140625
3 0.1421875 0.4640625 0.003125 0.00546875
3 0.159375 0.46484375 0.003125 0.0046875
3 0.1796875 0.465625 0.003125 0.00546875
3 0.21015625 0.48671875 0.00234375 0.00625