3 0.99296875 0.478125 0.00390625 0.0078125
3 0.93359375 0.45 0.003125 0.00859375
3 0.8765625 0.45390625 0.00234375 0.009375
3 0.9015625 0.45234375 0.003125 0.0078125
3 0.871875 0.4359375 0.00234375 0.009375
3 0.83984375 0.43828125 0.003125 0.009375
3 0.8046875 0.4421875 0.003125 0.01015625
2 0.9 0.50390625 0.0171875 0.01328125
2 0.9109375 0.496875 0.01796875 0.01796875
0 0.7734375 0.50234375 0.00390625 0.01796875
2 0.47265625 0.5046875 0.03359375 0.02421875
2 0.43359375 0.503125 0.04296875 0.0328125
2 0.36015625 0.50390625 0.02265625 0.01796875
2 0.33046875 0.503125 0.03515625 0.021875
2 0.26171875 0.5015625 0.01953125 0.01484375
2 0.234375 0.50078125 0.03203125 0.03046875
2 0.19140625 0.5046875 0.015625 0.0140625
2 0.20625 0.50078125 0.0203125 0.0234375
2 0.16484375 0.50390625 0.02265625 0.01875
2 0.10234375 0.509375 0.05546875 0.0375
2 0.02578125 0.50546875 0.04921875 0.06640625