3 0.49296875 0.375 0.00703125 0.02109375
3 0.52578125 0.384375 0.00546875 0.0203125
3 0.559375 0.39453125 0.00546875 0.0203125
2 0.5765625 0.5015625 0.04609375 0.0234375
3 0.60390625 0.46328125 0.0046875 0.01640625
2 0.3765625 0.5 0.02109375 0.01484375
2 0.43046875 0.503125 0.02734375 0.01328125
2 0.496875 0.5015625 0.03359375 0.01484375
2 0.5328125 0.5 0.02421875 0.015625
2 0.671875 0.5015625 0.0265625 0.01640625
3 0.2984375 0.2203125 0.01796875 0.05625
3 0.359375 0.13828125 0.021875 0.08046875
3 0.4453125 0.0390625 0.028125 0.078125
3 0.8015625 0.37578125 0.00703125 0.021875
3 0.86640625 0.3640625 0.00703125 0.02265625
3 0.96015625 0.3484375 0.00859375 0.02734375
2 0.8796875 0.49453125 0.059375 0.02421875
2 0.91015625 0.503125 0.01875 0.0140625
2 0.07109375 0.50078125 0.01953125 0.01875
3 0.1953125 0.46484375 0.00390625 0.00546875
3 0.2109375 0.46640625 0.003125 0.00546875
3 0.2578125 0.4875 0.00234375 0.0046875
2 0.46171875 0.503125 0.009375 0.01015625
3 0.90546875 0.46484375 0.003125 0.003125
3 0.9234375 0.465625 0.00234375 0.003125
3 0.94453125 0.46640625 0.00234375 0.00546875
3 0.984375 0.4859375 0.00234375 0.00625
2 0.3984375 0.503125 0.0109375 0.01015625