2 0.21953125 0.5046875 0.04921875 0.03984375
2 0.70625 0.49921875 0.04765625 0.04296875
3 0.43828125 0.36640625 0.00625 0.021875
3 0.475 0.378125 0.00625 0.021875
3 0.5109375 0.390625 0.00625 0.01875
3 0.559375 0.46171875 0.00546875 0.01640625
3 0.74453125 0.37265625 0.00625 0.02265625
3 0.80625 0.3625 0.00703125 0.025
3 0.8953125 0.34765625 0.00859375 0.0265625
3 0.2375 0.1828125 0.02421875 0.0640625
3 0.17890625 0.40859375 0.01171875 0.040625
3 0.30625 0.08671875 0.028125 0.08984375
0 0.27421875 0.5015625 0.0046875 0.01796875
0 0.29375 0.50078125 0.0046875 0.01953125
0 0.46796875 0.5015625 0.00546875 0.03046875
3 0.890625 0.45390625 0.00234375 0.00703125
3 0.87109375 0.47109375 0.00234375 0.003125
3 0.88671875 0.4703125 0.003125 0.00390625
3 0.90703125 0.46953125 0.00234375 0.00390625
1 0.7828125 0.4953125 0.00390625 0.0046875