2 0.26875 0.51484375 0.07265625 0.0375
3 0.2375 0.1828125 0.02265625 0.06484375
3 0.3046875 0.0859375 0.028125 0.09140625
3 0.17890625 0.40859375 0.01015625 0.04140625
2 0.85859375 0.503125 0.01484375 0.01171875
3 0.87109375 0.47109375 0.0015625 0.0046875
2 0.8875 0.503125 0.0171875 0.01328125
3 0.88671875 0.47109375 0.0015625 0.00546875
3 0.90703125 0.46953125 0.0015625 0.00625
3 0.74453125 0.3734375 0.00703125 0.02265625
3 0.80625 0.36328125 0.00703125 0.0234375
3 0.8953125 0.34765625 0.00859375 0.028125
2 0.78984375 0.49921875 0.028125 0.0140625
3 0.43828125 0.36640625 0.00703125 0.0234375
3 0.475 0.378125 0.00546875 0.0203125
3 0.5109375 0.3890625 0.00546875 0.01796875
3 0.55859375 0.4625 0.00546875 0.01640625
0 0.421875 0.50234375 0.00625 0.025
0 0.3640625 0.5015625 0.00625 0.02265625
3 0.21015625 0.48671875 0.00234375 0.00703125
3 0.18046875 0.46640625 0.00390625 0.0046875
3 0.14140625 0.4640625 0.00390625 0.00625
3 0.159375 0.46484375 0.003125 0.00625