2 0.3046875 0.5125 0.0703125 0.0375
3 0.3140625 0.21484375 0.01796875 0.0578125
3 0.390625 0.13515625 0.02265625 0.0765625
3 0.49453125 0.04140625 0.02734375 0.0828125
3 0.24296875 0.41640625 0.00859375 0.03671875
3 0.8859375 0.46953125 0.00234375 0.00703125
3 0.9015625 0.46875 0.00234375 0.00546875
3 0.90546875 0.45234375 0.00234375 0.00703125
3 0.921875 0.46875 0.00234375 0.00625
3 0.76328125 0.3765625 0.00625 0.02109375
3 0.82421875 0.3671875 0.00703125 0.021875
3 0.9125 0.3515625 0.0078125 0.02578125
2 0.8703125 0.503125 0.01640625 0.0140625
2 0.803125 0.4953125 0.0421875 0.01875
0 0.63515625 0.50078125 0.00703125 0.03203125
0 0.51875 0.5015625 0.0078125 0.03203125
3 0.57890625 0.4625 0.0046875 0.01640625
3 0.534375 0.39296875 0.0046875 0.01796875
3 0.4671875 0.37265625 0.00625 0.02109375
3 0.50078125 0.3828125 0.00625 0.0203125
2 0.246875 0.50546875 0.0078125 0.01015625
0 0.26328125 0.5015625 0.003125 0.0125