2 0.0703125 0.503125 0.01796875 0.0125
2 0.265625 0.50234375 0.01328125 0.015625
2 0.3765625 0.50078125 0.021875 0.01484375
2 0.43046875 0.503125 0.02734375 0.0140625
2 0.46796875 0.50078125 0.021875 0.01484375
2 0.4890625 0.50234375 0.01796875 0.0140625
2 0.53359375 0.50078125 0.02578125 0.01796875
2 0.57578125 0.5 0.046875 0.02734375
2 0.671875 0.5015625 0.028125 0.015625
2 0.78984375 0.509375 0.0390625 0.03125
2 0.8828125 0.50703125 0.0328125 0.02265625
2 0.93125 0.50078125 0.00859375 0.01015625
3 0.2984375 0.22109375 0.01640625 0.05390625
3 0.359375 0.13984375 0.0234375 0.07578125
3 0.4453125 0.03828125 0.028125 0.0765625
3 0.8015625 0.3765625 0.00703125 0.02265625
3 0.86640625 0.3640625 0.0078125 0.0234375
3 0.96015625 0.34921875 0.009375 0.02578125
3 0.49296875 0.375 0.00703125 0.02265625
3 0.52578125 0.384375 0.00625 0.01875
3 0.559375 0.39375 0.00546875 0.01875
3 0.2578125 0.4859375 0.00390625 0.00390625
3 0.19453125 0.46484375 0.00234375 0.00703125
3 0.2109375 0.4671875 0.00234375 0.00703125
2 0.50625 0.5015625 0.0125 0.015625
3 0.6046875 0.46328125 0.00546875 0.0171875
0 0.9921875 0.49921875 0.00546875 0.02421875
3 0.984375 0.4859375 0.00390625 0.00546875
3 0.9453125 0.46640625 0.00234375 0.00625
3 0.92265625 0.46484375 0.00390625 0.00390625
3 0.9046875 0.465625 0.0046875 0.00390625
3 0.24375 0.41953125 0.009375 0.0375
2 0.3953125 0.5015625 0.0140625 0.01171875
2 0.9 0.50078125 0.009375 0.01171875