0 0.61328125 0.50234375 0.00703125 0.02421875
2 0.45546875 0.5125 0.040625 0.02265625
3 0.55390625 0.325 0.009375 0.0328125
3 0.63046875 0.29609375 0.01015625 0.03671875
3 0.71875 0.265625 0.0125 0.046875
3 0.57578125 0.4 0.00546875 0.01640625
3 0.59609375 0.40703125 0.0046875 0.01484375
3 0.6171875 0.4125 0.00390625 0.0125
3 0.64765625 0.46875 0.00390625 0.0125
0 0.7015625 0.50234375 0.00546875 0.0265625
2 0.86484375 0.49609375 0.03671875 0.0203125
2 0.89296875 0.50390625 0.01796875 0.0140625
3 0.8125 0.40078125 0.00546875 0.0171875
3 0.8640625 0.39453125 0.00546875 0.0171875
3 0.9359375 0.384375 0.00625 0.0203125
3 0.93046875 0.45703125 0.00234375 0.00703125
3 0.9109375 0.47109375 0.00234375 0.0046875
3 0.92734375 0.47109375 0.00234375 0.00546875
3 0.946875 0.4703125 0.00234375 0.00625
3 0.46640625 0.44453125 0.0046875 0.02578125
1 0.82265625 0.4953125 0.0046875 0.00546875