2 0.26796875 0.5140625 0.07265625 0.0375
3 0.23828125 0.18359375 0.02109375 0.06328125
3 0.17890625 0.41015625 0.01015625 0.03984375
3 0.43828125 0.36796875 0.0078125 0.0234375
3 0.475 0.3796875 0.00625 0.02109375
3 0.5109375 0.38984375 0.00546875 0.01953125
3 0.559375 0.4625 0.00625 0.0171875
3 0.74453125 0.3734375 0.00703125 0.021875
3 0.80625 0.36328125 0.0078125 0.025
3 0.8953125 0.34765625 0.00859375 0.02734375
3 0.30625 0.08671875 0.028125 0.0875
2 0.21875 0.50390625 0.0203125 0.01015625
3 0.159375 0.46640625 0.00234375 0.00625
3 0.1796875 0.46875 0.0046875 0.00546875
3 0.1421875 0.465625 0.00234375 0.0078125
3 0.09609375 0.45078125 0.00234375 0.00703125
0 0.440625 0.50234375 0.00703125 0.03046875
0 0.5484375 0.5015625 0.0078125 0.0375
2 0.85859375 0.50390625 0.01484375 0.0125
2 0.88828125 0.50390625 0.01796875 0.0140625
1 0.7828125 0.4953125 0.00390625 0.00546875
3 0.88671875 0.47109375 0.0015625 0.00546875
3 0.890625 0.45390625 0.00234375 0.00703125
3 0.871875 0.47109375 0.00078125 0.00546875
3 0.90703125 0.46953125 0.00234375 0.00625