2 0.64296875 0.5203125 0.09375 0.0671875
0 0.40546875 0.51796875 0.021875 0.109375
2 0.07109375 0.50078125 0.0203125 0.01796875
2 0.3765625 0.5 0.021875 0.01328125
2 0.39296875 0.5015625 0.009375 0.0109375
2 0.43046875 0.50390625 0.028125 0.0109375
2 0.459375 0.50234375 0.0203125 0.0109375
2 0.49140625 0.503125 0.0234375 0.01328125
2 0.5078125 0.50078125 0.0109375 0.0140625
2 0.53359375 0.50078125 0.028125 0.01640625
2 0.5453125 0.50546875 0.0125 0.0125
2 0.56953125 0.5015625 0.0328125 0.02265625
2 0.590625 0.50546875 0.021875 0.0171875
3 0.6046875 0.46328125 0.0046875 0.01640625
3 0.559375 0.39375 0.00546875 0.01875
3 0.52578125 0.384375 0.00546875 0.01875
3 0.49296875 0.37421875 0.00625 0.021875
3 0.8015625 0.3765625 0.00703125 0.021875
3 0.86640625 0.365625 0.0078125 0.02421875
3 0.9609375 0.34921875 0.009375 0.02578125
3 0.984375 0.4859375 0.003125 0.00546875
3 0.94453125 0.465625 0.0015625 0.00546875
3 0.9046875 0.46484375 0.003125 0.0046875
3 0.92265625 0.46484375 0.003125 0.003125
2 0.91015625 0.503125 0.01796875 0.01484375
0 0.9234375 0.5015625 0.00390625 0.01484375
2 0.8640625 0.5046875 0.01484375 0.00703125
1 0.884375 0.496875 0.003125 0.00390625
3 0.44609375 0.0390625 0.0296875 0.078125
3 0.359375 0.13828125 0.02421875 0.078125
3 0.2984375 0.221875 0.0171875 0.053125
3 0.19609375 0.46484375 0.003125 0.0046875
3 0.2109375 0.46640625 0.00234375 0.00546875
3 0.2578125 0.48828125 0.00234375 0.0046875
3 0.24453125 0.41875 0.00859375 0.03671875