0 0.27734375 0.50390625 0.01640625 0.059375
2 0.071875 0.5015625 0.01875 0.01875
3 0.2578125 0.4875 0.0015625 0.00546875
3 0.1953125 0.465625 0.00390625 0.00546875
3 0.2109375 0.46640625 0.00234375 0.00546875
3 0.2453125 0.41796875 0.01015625 0.03515625
3 0.49296875 0.37421875 0.00703125 0.02265625
3 0.52578125 0.384375 0.00625 0.0203125
3 0.559375 0.39453125 0.00546875 0.01953125
3 0.6046875 0.46328125 0.0046875 0.01640625
2 0.3765625 0.5 0.02109375 0.015625
2 0.43046875 0.5046875 0.02734375 0.01171875
2 0.46640625 0.50078125 0.01875 0.015625
2 0.4921875 0.50234375 0.025 0.01484375
2 0.50703125 0.50078125 0.01171875 0.01640625
2 0.53359375 0.50078125 0.02421875 0.01484375
2 0.54609375 0.50625 0.0125 0.0125
2 0.56953125 0.50234375 0.03203125 0.021875
2 0.5953125 0.50625 0.0296875 0.01484375
2 0.6703125 0.50078125 0.02578125 0.015625
2 0.91015625 0.50390625 0.01875 0.01484375
1 0.884375 0.496875 0.003125 0.00390625
3 0.984375 0.4859375 0.00234375 0.0046875
3 0.9453125 0.465625 0.0015625 0.0046875
3 0.9234375 0.46484375 0.003125 0.00390625
3 0.9046875 0.46484375 0.003125 0.00390625
3 0.8015625 0.3765625 0.00625 0.021875
3 0.86640625 0.36484375 0.00703125 0.02265625
3 0.9609375 0.3484375 0.009375 0.0265625
3 0.29921875 0.221875 0.01875 0.05390625
3 0.36015625 0.1390625 0.02265625 0.078125
3 0.4453125 0.03828125 0.03125 0.0765625
2 0.39609375 0.50234375 0.0140625 0.01171875