2 0.78984375 0.509375 0.03984375 0.0296875
2 0.87890625 0.50234375 0.015625 0.009375
2 0.896875 0.5015625 0.0109375 0.01171875
2 0.9109375 0.503125 0.01796875 0.01484375
3 0.9453125 0.465625 0.003125 0.00546875
3 0.80234375 0.37578125 0.00703125 0.021875
3 0.86640625 0.365625 0.0078125 0.0234375
3 0.9609375 0.34921875 0.00859375 0.02734375
3 0.4921875 0.375 0.00703125 0.02109375
3 0.52578125 0.384375 0.00625 0.01875
3 0.559375 0.39375 0.00546875 0.01875
3 0.2984375 0.21875 0.01953125 0.06015625
3 0.24609375 0.41953125 0.01171875 0.03671875
3 0.3609375 0.1390625 0.0234375 0.07421875
3 0.6046875 0.46328125 0.0046875 0.01484375
0 0.11875 0.5 0.00390625 0.01953125
2 0.06953125 0.50390625 0.0140625 0.01171875
2 0.3765625 0.5 0.02109375 0.01484375
2 0.43046875 0.50390625 0.028125 0.01328125
2 0.46015625 0.5015625 0.01953125 0.0125
2 0.49140625 0.503125 0.0234375 0.01171875
2 0.5078125 0.50078125 0.0125 0.01640625
2 0.53359375 0.5 0.02578125 0.015625
2 0.5453125 0.50546875 0.0125 0.0109375
2 0.56953125 0.5015625 0.03359375 0.0234375
2 0.5984375 0.5046875 0.021875 0.01640625
2 0.67109375 0.5015625 0.02421875 0.01640625
3 0.4453125 0.0390625 0.02890625 0.07734375
2 0.39765625 0.503125 0.01015625 0.009375
3 0.984375 0.4859375 0.00234375 0.00546875
3 0.92265625 0.46484375 0.00390625 0.00390625
3 0.90390625 0.46484375 0.0046875 0.0046875