0 0.8109375 0.50625 0.01796875 0.04453125
2 0.07109375 0.50078125 0.01875 0.01953125
2 0.3171875 0.50625 0.040625 0.02734375
2 0.25546875 0.50546875 0.02890625 0.028125
3 0.24453125 0.41875 0.009375 0.03671875
0 0.20078125 0.5 0.009375 0.0328125
3 0.1953125 0.4640625 0.003125 0.0046875
3 0.21015625 0.46328125 0.00390625 0.00546875
3 0.2578125 0.4859375 0.003125 0.00390625
3 0.49296875 0.37421875 0.00703125 0.02265625
3 0.52578125 0.384375 0.00625 0.01953125
3 0.559375 0.39453125 0.00546875 0.0203125
3 0.6046875 0.4625 0.00546875 0.0171875
2 0.3765625 0.50078125 0.02109375 0.015625
2 0.396875 0.5015625 0.01171875 0.01171875
2 0.43046875 0.50390625 0.02734375 0.01171875
2 0.45703125 0.503125 0.01484375 0.01015625
2 0.4921875 0.50234375 0.02421875 0.0125
2 0.50703125 0.50078125 0.01328125 0.01640625
2 0.5328125 0.5015625 0.0265625 0.01484375
2 0.54609375 0.50546875 0.0125 0.01171875
2 0.56796875 0.5015625 0.03125 0.02265625
2 0.59453125 0.5046875 0.03125 0.0171875
2 0.671875 0.5015625 0.028125 0.015625
2 0.778125 0.50625 0.03125 0.0203125
3 0.8015625 0.37578125 0.00703125 0.02265625
3 0.86640625 0.365625 0.0078125 0.0234375
3 0.9609375 0.3484375 0.00859375 0.02578125
3 0.984375 0.4859375 0.003125 0.00546875
3 0.9046875 0.46484375 0.00390625 0.0046875
2 0.92578125 0.49609375 0.0171875 0.0203125
3 0.92265625 0.4640625 0.00390625 0.00390625
3 0.9453125 0.46640625 0.0015625 0.00546875
2 0.91015625 0.50390625 0.01875 0.0140625
1 0.884375 0.496875 0.00234375 0.00234375
0 0.82578125 0.50078125 0.00390625 0.01171875
3 0.446875 0.0390625 0.03046875 0.07734375
3 0.36015625 0.13984375 0.021875 0.0765625
3 0.2984375 0.2203125 0.01875 0.0546875