3 0.43828125 0.3671875 0.00625 0.0234375
3 0.2375 0.1828125 0.02265625 0.0640625
3 0.30625 0.08671875 0.028125 0.0921875
3 0.475 0.37890625 0.00703125 0.02109375
3 0.51171875 0.390625 0.00625 0.0203125
3 0.55859375 0.4625 0.0046875 0.0171875
3 0.7453125 0.3734375 0.00703125 0.02265625
3 0.80625 0.3625 0.00859375 0.021875
3 0.8953125 0.34765625 0.00859375 0.028125
2 0.85859375 0.50390625 0.01484375 0.0125
3 0.87109375 0.47109375 0.0015625 0.00625
2 0.8875 0.503125 0.0171875 0.01328125
3 0.88671875 0.4703125 0.0015625 0.00625
2 0.92421875 0.5 0.02578125 0.0140625
3 0.90703125 0.4703125 0.0015625 0.00703125
0 0.3140625 0.50078125 0.0046875 0.01875
0 0.353125 0.49921875 0.00546875 0.02734375
2 0.70546875 0.49921875 0.046875 0.04453125
2 0.26796875 0.5140625 0.07265625 0.0375
3 0.1796875 0.46875 0.003125 0.0046875
3 0.21015625 0.48671875 0.00234375 0.00625
3 0.1890625 0.4671875 0.00234375 0.003125
3 0.17890625 0.409375 0.009375 0.0390625
1 0.78203125 0.4953125 0.00390625 0.00546875
3 0.890625 0.453125 0.00234375 0.00703125