2 0.70625 0.49921875 0.04765625 0.04375
3 0.17890625 0.409375 0.01015625 0.03984375
3 0.43828125 0.36640625 0.00625 0.025
3 0.475 0.37890625 0.00625 0.021875
3 0.5109375 0.38984375 0.00546875 0.01875
3 0.55859375 0.4625 0.0046875 0.0171875
0 0.28984375 0.50078125 0.0046875 0.01953125
0 0.31484375 0.5 0.0046875 0.01953125
0 0.40390625 0.5015625 0.00546875 0.02578125
2 0.80859375 0.503125 0.01875 0.00859375
3 0.87109375 0.4703125 0.0015625 0.003125
3 0.88984375 0.453125 0.00234375 0.0078125
3 0.74453125 0.3734375 0.00625 0.02265625
3 0.80625 0.36328125 0.00703125 0.025
3 0.8953125 0.3484375 0.00859375 0.0265625
1 0.78203125 0.4953125 0.00390625 0.00546875
3 0.21015625 0.48671875 0.00234375 0.0046875
3 0.1421875 0.4625 0.00390625 0.00546875
3 0.159375 0.4640625 0.00390625 0.00546875
3 0.30546875 0.0859375 0.028125 0.09140625
3 0.2375 0.18359375 0.021875 0.0625
3 0.88671875 0.4703125 0.0015625 0.003125
3 0.90703125 0.46875 0.0015625 0.003125