0 0.24765625 0.50703125 0.0125 0.05546875
2 0.071875 0.50078125 0.01953125 0.01796875
3 0.29921875 0.2203125 0.01796875 0.05625
3 0.2453125 0.41953125 0.01171875 0.0375
3 0.4453125 0.0390625 0.028125 0.078125
3 0.359375 0.13984375 0.02265625 0.07578125
3 0.1953125 0.46484375 0.003125 0.0046875
3 0.2109375 0.46640625 0.003125 0.00546875
3 0.2578125 0.4875 0.00234375 0.00546875
3 0.4921875 0.375 0.00625 0.02265625
3 0.52578125 0.38359375 0.00625 0.01953125
3 0.559375 0.39375 0.0046875 0.01875
3 0.6046875 0.46328125 0.0046875 0.01640625
2 0.3765625 0.5 0.021875 0.0140625
2 0.39765625 0.50390625 0.01015625 0.009375
2 0.43046875 0.503125 0.02734375 0.01328125
2 0.45703125 0.50234375 0.0171875 0.01015625
2 0.4921875 0.503125 0.0234375 0.0140625
2 0.50859375 0.50078125 0.01015625 0.01484375
2 0.53203125 0.50078125 0.0234375 0.01484375
2 0.54609375 0.50546875 0.01171875 0.0109375
2 0.56953125 0.5015625 0.034375 0.02265625
2 0.59453125 0.50546875 0.0296875 0.0171875
2 0.67109375 0.5015625 0.025 0.015625
2 0.9109375 0.50390625 0.0171875 0.0140625
3 0.9046875 0.465625 0.003125 0.00390625
3 0.92265625 0.46484375 0.003125 0.00390625
3 0.94453125 0.46640625 0.00234375 0.00546875
3 0.98515625 0.4859375 0.00234375 0.00546875
3 0.86640625 0.36484375 0.0078125 0.025
3 0.9609375 0.34921875 0.00859375 0.02578125
3 0.80234375 0.37578125 0.00703125 0.02109375