3 0.41953125 0.275 0.01328125 0.0421875
3 0.49375 0.2265625 0.01640625 0.05390625
3 0.5828125 0.1640625 0.015625 0.0703125
3 0.81015625 0.38828125 0.00546875 0.01875
3 0.86875 0.3796875 0.00625 0.02109375
3 0.9515625 0.3671875 0.00703125 0.0234375
3 0.5328125 0.3875 0.00546875 0.01953125
3 0.559375 0.39609375 0.0046875 0.02109375
3 0.5875 0.403125 0.00546875 0.015625
2 0.8375 0.5125 0.05859375 0.04296875
2 0.79375 0.5078125 0.02890625 0.0265625
2 0.67890625 0.50234375 0.02578125 0.015625
2 0.58515625 0.5015625 0.03046875 0.0203125
2 0.6109375 0.50546875 0.01796875 0.01484375
2 0.54375 0.50078125 0.0234375 0.01484375
2 0.47890625 0.49921875 0.01953125 0.0125
2 0.5046875 0.50234375 0.021875 0.0109375
2 0.44609375 0.49921875 0.02578125 0.015625
2 0.3953125 0.5 0.0265625 0.01484375
2 0.3 0.50078125 0.01171875 0.01171875
2 0.89453125 0.5015625 0.0140625 0.0109375
2 0.9265625 0.5 0.009375 0.009375
3 0.346875 0.43125 0.0078125 0.03125
3 0.2125 0.4671875 0.00234375 0.00390625
3 0.228125 0.46796875 0.0015625 0.00390625
3 0.2734375 0.4890625 0.00234375 0.00390625
2 0.87421875 0.503125 0.0109375 0.0078125
3 0.97734375 0.48671875 0.00234375 0.00390625
3 0.93984375 0.46796875 0.0015625 0.0046875
3 0.9171875 0.465625 0.00234375 0.00390625
3 0.9015625 0.4671875 0.00234375 0.003125
3 0.6265625 0.465625 0.0046875 0.015625
2 0.4140625 0.50234375 0.009375 0.00859375