2 0.3734375 0.5484375 0.2375 0.14453125
0 0.27890625 0.49453125 0.0234375 0.05
2 0.07109375 0.50078125 0.0203125 0.01796875
3 0.1953125 0.465625 0.00390625 0.00546875
3 0.2109375 0.465625 0.00234375 0.00625
3 0.2578125 0.48671875 0.00234375 0.00625
3 0.49296875 0.375 0.00625 0.021875
3 0.52578125 0.384375 0.00625 0.0203125
3 0.559375 0.39453125 0.00625 0.01953125
2 0.50625 0.50078125 0.01484375 0.01484375
2 0.48984375 0.503125 0.01328125 0.015625
2 0.53125 0.5 0.02265625 0.015625
2 0.5453125 0.5046875 0.01171875 0.0109375
2 0.56875 0.50234375 0.03203125 0.02265625
2 0.596875 0.5046875 0.02421875 0.01640625
3 0.60390625 0.46328125 0.00546875 0.01640625
2 0.67109375 0.5015625 0.02734375 0.01640625
2 0.91015625 0.503125 0.01953125 0.01484375
3 0.9046875 0.46484375 0.00390625 0.00390625
3 0.92265625 0.46484375 0.003125 0.00390625
3 0.9453125 0.465625 0.00234375 0.00546875
3 0.984375 0.4859375 0.00234375 0.00546875
3 0.80234375 0.3765625 0.00703125 0.02109375
3 0.86640625 0.36484375 0.0078125 0.0234375
3 0.9609375 0.34921875 0.009375 0.02578125
3 0.44453125 0.03828125 0.0296875 0.0765625
3 0.359375 0.13828125 0.02421875 0.0765625
3 0.29921875 0.2203125 0.01875 0.05546875