3 0.60078125 0.35703125 0.00703125 0.0234375
3 0.66796875 0.3390625 0.0078125 0.0296875
3 0.73828125 0.31953125 0.009375 0.0328125
3 0.61953125 0.4125 0.0046875 0.01328125
3 0.63515625 0.4171875 0.00390625 0.0140625
3 0.653125 0.42265625 0.0046875 0.0125
2 0.653125 0.50234375 0.01875 0.0171875
3 0.678125 0.47109375 0.00234375 0.01015625
3 0.521875 0.453125 0.0046875 0.021875
3 0.83359375 0.4140625 0.0046875 0.01484375
3 0.87890625 0.40859375 0.0046875 0.015625
3 0.9421875 0.40234375 0.00625 0.01640625
2 0.8296875 0.515625 0.06640625 0.05
2 0.878125 0.503125 0.01484375 0.00625
2 0.8953125 0.5015625 0.0125 0.00859375
2 0.925 0.5 0.00703125 0.009375
2 0.70234375 0.50078125 0.02265625 0.01328125
2 0.6296875 0.50078125 0.0265625 0.01953125
2 0.35859375 0.5015625 0.01484375 0.01171875
2 0.43828125 0.5 0.02109375 0.0125
2 0.49375 0.5015625 0.02421875 0.01328125
2 0.51796875 0.5015625 0.021875 0.009375
2 0.546875 0.50234375 0.02265625 0.01328125
2 0.5796875 0.503125 0.02734375 0.0109375
2 0.60546875 0.50234375 0.02109375 0.01328125
3 0.90078125 0.47109375 0.00234375 0.00390625
3 0.9171875 0.47109375 0.00234375 0.00390625
3 0.93671875 0.4703125 0.00234375 0.00390625