2 0.57109375 0.52734375 0.12578125 0.08828125
3 0.446875 0.0390625 0.0296875 0.07734375
3 0.359375 0.13828125 0.021875 0.0765625
3 0.2984375 0.2203125 0.01953125 0.05625
0 0.29453125 0.5140625 0.0265625 0.0984375
2 0.071875 0.50078125 0.01875 0.01875
3 0.1953125 0.46484375 0.00234375 0.00390625
3 0.2109375 0.465625 0.00234375 0.00546875
3 0.2578125 0.4875 0.0015625 0.00546875
3 0.4921875 0.37421875 0.00546875 0.02265625
3 0.52578125 0.38359375 0.00546875 0.01875
3 0.55859375 0.3953125 0.00625 0.0203125
2 0.3765625 0.5 0.0203125 0.015625
2 0.39765625 0.5015625 0.0125 0.0125
2 0.43046875 0.503125 0.028125 0.01328125
2 0.4640625 0.50234375 0.01796875 0.01171875
2 0.49296875 0.50390625 0.02421875 0.015625
2 0.50703125 0.5015625 0.01328125 0.015625
2 0.5328125 0.50078125 0.02421875 0.01640625
3 0.6046875 0.46328125 0.0046875 0.015625
2 0.67109375 0.5015625 0.02734375 0.0171875
2 0.9109375 0.503125 0.01796875 0.015625
1 0.884375 0.496875 0.003125 0.00390625
3 0.80234375 0.3765625 0.00625 0.021875
3 0.86640625 0.36484375 0.0078125 0.02421875
3 0.9046875 0.46484375 0.00390625 0.00390625
3 0.9234375 0.465625 0.003125 0.003125
3 0.9453125 0.46640625 0.0015625 0.00546875
3 0.9609375 0.3484375 0.009375 0.02734375
3 0.984375 0.4859375 0.003125 0.0046875
3 0.24453125 0.41875 0.009375 0.0390625