2 0.26875 0.51484375 0.07265625 0.03828125
3 0.1421875 0.4640625 0.003125 0.00390625
3 0.15703125 0.46328125 0.00234375 0.00390625
3 0.18046875 0.465625 0.00234375 0.003125
3 0.21015625 0.4875 0.00234375 0.00546875
3 0.1796875 0.409375 0.01015625 0.040625
3 0.43828125 0.36796875 0.00625 0.02265625
3 0.475 0.3796875 0.00625 0.021875
3 0.51171875 0.390625 0.00625 0.01875
3 0.559375 0.4625 0.00546875 0.01484375
0 0.325 0.50078125 0.00546875 0.02265625
0 0.34375 0.50078125 0.00546875 0.02109375
0 0.371875 0.50234375 0.0046875 0.02109375
3 0.30546875 0.0859375 0.0296875 0.09375
3 0.2375 0.1828125 0.0234375 0.065625
3 0.7453125 0.3734375 0.00625 0.02265625
3 0.80625 0.36328125 0.00703125 0.025
3 0.8953125 0.34765625 0.00859375 0.028125
2 0.75625 0.49921875 0.03203125 0.03125
2 0.85859375 0.50390625 0.01484375 0.01171875
2 0.8875 0.50390625 0.0171875 0.01328125
1 0.78203125 0.4953125 0.00390625 0.00546875
3 0.871875 0.47109375 0.0015625 0.0046875
3 0.8875 0.47109375 0.0015625 0.00390625
3 0.90703125 0.46953125 0.0015625 0.00546875