0 0.47578125 0.52109375 0.03515625 0.11953125
3 0.4453125 0.0390625 0.0296875 0.078125
3 0.2984375 0.22109375 0.01875 0.05546875
3 0.36015625 0.1375 0.0234375 0.07734375
3 0.24453125 0.41796875 0.01015625 0.0359375
2 0.07109375 0.5 0.0203125 0.01875
3 0.1953125 0.465625 0.003125 0.00625
3 0.2109375 0.46640625 0.00234375 0.00703125
3 0.2578125 0.4875 0.00234375 0.00546875
2 0.3765625 0.5 0.021875 0.015625
2 0.39765625 0.5015625 0.0109375 0.01328125
2 0.43046875 0.5046875 0.02578125 0.01015625
2 0.453125 0.503125 0.01015625 0.0109375
2 0.49765625 0.503125 0.01171875 0.0140625
2 0.50625 0.5 0.01328125 0.015625
2 0.5328125 0.50078125 0.0265625 0.015625
2 0.54609375 0.50625 0.01171875 0.0109375
2 0.56953125 0.50078125 0.03046875 0.02421875
2 0.59765625 0.50546875 0.02265625 0.01640625
3 0.49296875 0.375 0.00625 0.021875
3 0.52578125 0.38359375 0.00625 0.01953125
3 0.559375 0.39453125 0.00546875 0.01953125
3 0.6046875 0.46328125 0.0046875 0.01640625
2 0.66953125 0.5015625 0.02265625 0.01640625
2 0.70078125 0.515625 0.06953125 0.05234375
3 0.80234375 0.37578125 0.00625 0.021875
3 0.86640625 0.36484375 0.0078125 0.02421875
3 0.9609375 0.34921875 0.009375 0.02734375
2 0.96484375 0.5015625 0.01875 0.01328125
3 0.98515625 0.4859375 0.00234375 0.00546875
3 0.9046875 0.46484375 0.003125 0.00390625
3 0.92265625 0.46484375 0.003125 0.00390625
3 0.9453125 0.46640625 0.00234375 0.0046875
2 0.871875 0.50234375 0.01328125 0.01015625
2 0.9109375 0.50390625 0.01875 0.0140625
1 0.884375 0.496875 0.003125 0.003125