0 0.68046875 0.50390625 0.00625 0.0234375
0 0.74140625 0.5 0.0046875 0.0265625
2 0.89140625 0.49609375 0.02734375 0.01953125
1 0.83125 0.4953125 0.0046875 0.00546875
3 0.64921875 0.4203125 0.00234375 0.01015625
3 0.66328125 0.4265625 0.00390625 0.0125
3 0.67578125 0.428125 0.00234375 0.00625
3 0.69609375 0.4734375 0.00234375 0.009375
3 0.67421875 0.38125 0.00546875 0.0203125
3 0.7359375 0.36953125 0.00625 0.02265625
3 0.79765625 0.3578125 0.00703125 0.0265625
3 0.8359375 0.42265625 0.00390625 0.01328125
3 0.87734375 0.41875 0.00390625 0.01328125
3 0.93203125 0.41328125 0.0046875 0.0140625
3 0.91171875 0.47421875 0.00234375 0.00390625
3 0.9265625 0.4734375 0.00234375 0.00390625
3 0.9296875 0.46171875 0.00234375 0.00546875
3 0.94453125 0.47265625 0.0015625 0.0046875
2 0.89296875 0.50390625 0.01796875 0.01328125