2 0.70625 0.49921875 0.04765625 0.04453125
3 0.2375 0.1828125 0.02421875 0.065625
3 0.30546875 0.08671875 0.02890625 0.08984375
3 0.17890625 0.41015625 0.0109375 0.03984375
0 0.2859375 0.5015625 0.0046875 0.01796875
0 0.41875 0.5015625 0.0078125 0.0265625
3 0.21015625 0.4875 0.00234375 0.00625
3 0.1421875 0.46484375 0.00390625 0.0046875
3 0.1796875 0.46875 0.00234375 0.00703125
3 0.43828125 0.3671875 0.00625 0.02265625
3 0.475 0.3796875 0.00703125 0.02109375
3 0.5109375 0.38984375 0.00625 0.0203125
3 0.55859375 0.4625 0.0046875 0.01640625
3 0.74453125 0.3734375 0.00625 0.021875
3 0.80625 0.3625 0.0078125 0.0234375
3 0.8953125 0.34765625 0.00859375 0.025
1 0.78203125 0.49609375 0.003125 0.00390625
3 0.87109375 0.4703125 0.0015625 0.0046875
3 0.88671875 0.47109375 0.0015625 0.00390625
3 0.90703125 0.46875 0.00078125 0.00390625
3 0.890625 0.45390625 0.00234375 0.00625