3 0.2984375 0.22109375 0.01796875 0.05625
3 0.359375 0.13828125 0.021875 0.078125
3 0.44609375 0.0390625 0.03046875 0.078125
3 0.49296875 0.375 0.00703125 0.02109375
3 0.9609375 0.34921875 0.009375 0.02734375
2 0.78984375 0.509375 0.0390625 0.0296875
2 0.8953125 0.50546875 0.02578125 0.01875
2 0.67109375 0.5015625 0.02734375 0.015625
2 0.4921875 0.503125 0.025 0.01328125
2 0.5328125 0.50390625 0.0265625 0.0140625
2 0.56953125 0.50078125 0.0328125 0.021875
2 0.32421875 0.50078125 0.02109375 0.0109375
2 0.3765625 0.50078125 0.021875 0.0140625
2 0.43125 0.503125 0.028125 0.0140625
2 0.071875 0.503125 0.01875 0.01328125
3 0.19453125 0.46640625 0.00234375 0.00703125
3 0.2109375 0.46640625 0.00234375 0.00703125
3 0.2578125 0.48828125 0.003125 0.0078125
3 0.98515625 0.4859375 0.00234375 0.0046875
3 0.9046875 0.46484375 0.003125 0.00390625
3 0.92265625 0.46484375 0.003125 0.00390625
3 0.9453125 0.465625 0.0015625 0.00546875
2 0.8765625 0.503125 0.009375 0.0078125
2 0.92890625 0.5 0.009375 0.0078125
3 0.60390625 0.46328125 0.00546875 0.01640625
3 0.86640625 0.36484375 0.00703125 0.02421875
3 0.80234375 0.3765625 0.00703125 0.02265625
3 0.52578125 0.38359375 0.00625 0.01953125
3 0.559375 0.39375 0.00546875 0.01796875
2 0.5953125 0.50625 0.028125 0.015625
2 0.54609375 0.50625 0.0125 0.01015625
2 0.39765625 0.503125 0.0109375 0.0109375