2 0.02734375 0.51171875 0.0546875 0.05
0 0.715625 0.5046875 0.00390625 0.0171875
3 0.7375 0.4125 0.00390625 0.01484375
3 0.78671875 0.40546875 0.0046875 0.0171875
3 0.83359375 0.3984375 0.0046875 0.01796875
3 0.8515625 0.43671875 0.00234375 0.009375
3 0.88515625 0.434375 0.00390625 0.0109375
3 0.9296875 0.43046875 0.0046875 0.0109375
2 0.89453125 0.50390625 0.01796875 0.0125
2 0.903125 0.49609375 0.01796875 0.02109375
1 0.83828125 0.49609375 0.0046875 0.0046875
3 0.9140625 0.47421875 0.0015625 0.003125
3 0.92578125 0.47421875 0.0015625 0.0046875
3 0.94296875 0.475 0.0015625 0.00546875
3 0.92890625 0.46328125 0.00234375 0.00390625
3 0.70078125 0.4375 0.00234375 0.00859375
3 0.7078125 0.4390625 0.00234375 0.0078125
3 0.7171875 0.44140625 0.00234375 0.00546875