2 0.26875 0.51484375 0.0734375 0.0390625
3 0.23671875 0.1828125 0.0234375 0.06640625
3 0.30546875 0.084375 0.0265625 0.09296875
3 0.43828125 0.3671875 0.00703125 0.0234375
3 0.55859375 0.46328125 0.0046875 0.0171875
3 0.7453125 0.37265625 0.00625 0.02109375
2 0.85859375 0.503125 0.01484375 0.0125
2 0.8875 0.503125 0.0171875 0.0125
3 0.87109375 0.4703125 0.0015625 0.0046875
3 0.890625 0.453125 0.00234375 0.00625
2 0.72578125 0.49921875 0.04140625 0.03828125
0 0.31875 0.5015625 0.00546875 0.01875
0 0.35 0.5015625 0.0046875 0.02109375
0 0.36328125 0.50078125 0.00546875 0.0203125
3 0.21015625 0.48671875 0.00234375 0.00625
3 0.1421875 0.4640625 0.0046875 0.00625
3 0.159375 0.4671875 0.00234375 0.00703125
3 0.17890625 0.409375 0.01015625 0.0390625
2 0.8359375 0.50078125 0.02734375 0.0109375
1 0.78203125 0.4953125 0.003125 0.00390625
3 0.88671875 0.46953125 0.00234375 0.0046875
3 0.90703125 0.4703125 0.0015625 0.00390625
3 0.80625 0.3625 0.00703125 0.0234375
3 0.8953125 0.346875 0.00859375 0.028125
3 0.51171875 0.390625 0.00703125 0.01953125
3 0.475 0.3796875 0.00625 0.021875