0 0.9421875 0.54296875 0.1140625 0.27265625
2 0.3765625 0.49921875 0.02109375 0.0171875
2 0.39609375 0.5015625 0.0125 0.0125
2 0.43046875 0.5015625 0.02734375 0.01484375
2 0.4578125 0.5015625 0.0203125 0.0140625
2 0.49140625 0.50234375 0.0234375 0.015625
2 0.5078125 0.50078125 0.0125 0.01484375
2 0.53359375 0.5015625 0.02578125 0.0171875
2 0.56796875 0.50078125 0.03046875 0.02265625
2 0.59609375 0.5046875 0.0265625 0.01640625
3 0.6046875 0.4640625 0.0046875 0.01484375
3 0.559375 0.3953125 0.00546875 0.0203125
3 0.52578125 0.38359375 0.00625 0.0203125
3 0.49296875 0.375 0.00625 0.02265625
2 0.671875 0.50234375 0.028125 0.01640625
2 0.78984375 0.509375 0.03984375 0.03046875
3 0.80234375 0.3765625 0.00703125 0.02265625
3 0.86640625 0.36484375 0.0078125 0.02421875
3 0.9609375 0.34921875 0.00859375 0.0265625
3 0.9046875 0.46484375 0.003125 0.0046875
3 0.92265625 0.46484375 0.003125 0.003125
2 0.8796875 0.50234375 0.015625 0.00859375
2 0.89609375 0.5015625 0.01015625 0.01171875
2 0.9109375 0.50390625 0.01796875 0.01484375
3 0.44609375 0.0390625 0.0296875 0.078125
3 0.36015625 0.1375 0.0234375 0.078125
3 0.29921875 0.21953125 0.01796875 0.0578125
2 0.07109375 0.50078125 0.0203125 0.0171875
3 0.24453125 0.41796875 0.01015625 0.0390625