0 0.25859375 0.503125 0.0171875 0.05859375
2 0.071875 0.50078125 0.01953125 0.01796875
3 0.19453125 0.46484375 0.0015625 0.00546875
3 0.2109375 0.46640625 0.00234375 0.00546875
3 0.2453125 0.41953125 0.0109375 0.0375
3 0.44609375 0.03984375 0.03125 0.07734375
3 0.36015625 0.13984375 0.02421875 0.075
3 0.29921875 0.221875 0.01953125 0.0546875
3 0.17421875 0.4546875 0.003125 0.0078125
3 0.20078125 0.4546875 0.00234375 0.00703125
3 0.22109375 0.45703125 0.00234375 0.00703125
2 0.3765625 0.5 0.0203125 0.01640625
2 0.39609375 0.5 0.0140625 0.01328125
2 0.4296875 0.50234375 0.0265625 0.01328125
2 0.459375 0.5015625 0.025 0.01328125
2 0.49140625 0.503125 0.025 0.01328125
2 0.50703125 0.50078125 0.01328125 0.015625
2 0.53203125 0.5 0.025 0.0171875
2 0.5453125 0.50546875 0.0109375 0.01171875
2 0.56953125 0.5015625 0.03125 0.021875
2 0.59765625 0.5046875 0.02265625 0.0171875
2 0.67109375 0.50078125 0.02890625 0.01640625
3 0.49296875 0.37421875 0.00625 0.021875
3 0.52578125 0.38359375 0.00546875 0.01796875
3 0.55859375 0.39375 0.00546875 0.01875
3 0.6046875 0.4625 0.0046875 0.01640625
3 0.80234375 0.3765625 0.00625 0.021875
3 0.86640625 0.36484375 0.00703125 0.02421875
3 0.9609375 0.34921875 0.00859375 0.02734375
3 0.9046875 0.46484375 0.003125 0.0046875
3 0.92265625 0.46484375 0.003125 0.00390625
3 0.94453125 0.465625 0.00234375 0.00625
3 0.98515625 0.4859375 0.00234375 0.00546875
2 0.9109375 0.503125 0.01875 0.01640625