0 0.2765625 0.50546875 0.02578125 0.08125
3 0.2984375 0.22109375 0.01875 0.05625
3 0.36015625 0.13984375 0.0234375 0.075
3 0.44609375 0.03984375 0.0296875 0.078125
3 0.49296875 0.375 0.00625 0.021875
3 0.52578125 0.38515625 0.00625 0.01953125
3 0.559375 0.39453125 0.0046875 0.01875
3 0.60390625 0.46328125 0.0046875 0.01640625
3 0.80234375 0.37578125 0.00703125 0.02265625
3 0.86640625 0.36484375 0.0078125 0.0234375
3 0.9609375 0.34921875 0.00859375 0.0265625
2 0.071875 0.5 0.0203125 0.01875
2 0.3765625 0.5 0.02109375 0.01484375
2 0.43046875 0.50390625 0.02734375 0.01171875
2 0.4578125 0.50234375 0.0171875 0.01171875
2 0.49140625 0.503125 0.02421875 0.01328125
2 0.50859375 0.5 0.0109375 0.01484375
2 0.53359375 0.50078125 0.0265625 0.015625
2 0.56875 0.5015625 0.0328125 0.021875
2 0.67109375 0.50078125 0.02734375 0.01640625
2 0.9109375 0.50390625 0.01875 0.0140625
3 0.9046875 0.46484375 0.00390625 0.00390625
3 0.1953125 0.46484375 0.003125 0.0046875
3 0.984375 0.4859375 0.003125 0.00546875
3 0.21015625 0.46484375 0.00390625 0.00390625
2 0.39609375 0.5015625 0.0140625 0.01171875
2 0.59453125 0.50546875 0.028125 0.015625
3 0.9234375 0.46484375 0.00390625 0.00390625
3 0.9453125 0.46484375 0.00234375 0.00234375