3 0.80234375 0.3765625 0.00703125 0.021875
3 0.86640625 0.365625 0.0078125 0.02421875
3 0.9609375 0.3484375 0.00859375 0.0265625
3 0.36015625 0.13828125 0.02421875 0.07734375
3 0.2984375 0.22109375 0.0171875 0.05625
3 0.44609375 0.0390625 0.03125 0.078125
3 0.4921875 0.375 0.00625 0.021875
3 0.52578125 0.384375 0.00625 0.0203125
3 0.559375 0.39453125 0.00625 0.01953125
3 0.6046875 0.46328125 0.0046875 0.01640625
2 0.34609375 0.51171875 0.06875 0.0453125
2 0.3890625 0.5109375 0.03046875 0.0296875
2 0.43125 0.50234375 0.028125 0.015625
2 0.4578125 0.50234375 0.015625 0.009375
2 0.49140625 0.50390625 0.02265625 0.01171875
2 0.53359375 0.50078125 0.02734375 0.01484375
2 0.56875 0.50234375 0.03125 0.02265625
2 0.6703125 0.5015625 0.025 0.015625
2 0.725 0.5078125 0.0375 0.0265625
2 0.9109375 0.50390625 0.01796875 0.01484375
2 0.92578125 0.496875 0.01640625 0.01875
2 0.07109375 0.5 0.01953125 0.01875
3 0.1953125 0.465625 0.003125 0.00546875
3 0.2109375 0.4671875 0.00234375 0.00546875
3 0.2578125 0.4875 0.0015625 0.00546875
2 0.5984375 0.5046875 0.021875 0.0171875
3 0.24453125 0.41875 0.0078125 0.03671875
2 0.54453125 0.50546875 0.009375 0.01015625
2 0.5078125 0.50078125 0.0109375 0.01484375