2 0.21640625 0.50546875 0.01953125 0.0125
2 0.26875 0.51484375 0.07265625 0.03828125
3 0.74453125 0.3734375 0.00703125 0.02265625
3 0.80546875 0.36171875 0.00703125 0.02421875
3 0.8953125 0.34765625 0.0078125 0.0265625
3 0.43828125 0.36796875 0.00703125 0.02265625
3 0.47421875 0.3796875 0.00546875 0.021875
3 0.5109375 0.39140625 0.00546875 0.01796875
3 0.890625 0.4515625 0.003125 0.003125
3 0.87109375 0.46875 0.003125 0.00234375
3 0.88671875 0.4703125 0.0015625 0.00546875
3 0.90703125 0.46953125 0.0015625 0.00625
2 0.85859375 0.50390625 0.01484375 0.01171875
3 0.559375 0.4625 0.0046875 0.01796875
0 0.59375 0.50234375 0.00703125 0.0375
0 0.4671875 0.503125 0.00625 0.03359375
3 0.17890625 0.409375 0.01015625 0.040625
3 0.1421875 0.46640625 0.00234375 0.0078125
3 0.1796875 0.46796875 0.003125 0.00390625
3 0.30546875 0.08671875 0.028125 0.090625
3 0.23828125 0.1828125 0.0234375 0.0640625
2 0.9671875 0.50546875 0.02578125 0.0125
1 0.7828125 0.4953125 0.0046875 0.00546875
3 0.159375 0.46640625 0.00234375 0.00625