2 0.26875 0.5140625 0.0734375 0.03828125
3 0.17890625 0.409375 0.01015625 0.04140625
3 0.1421875 0.46328125 0.00234375 0.00390625
3 0.159375 0.46484375 0.00234375 0.0046875
3 0.18046875 0.46484375 0.003125 0.003125
3 0.21015625 0.48671875 0.0015625 0.00703125
0 0.4015625 0.50078125 0.00703125 0.028125
0 0.32265625 0.50234375 0.0046875 0.01875
0 0.3484375 0.50078125 0.00546875 0.02265625
3 0.43828125 0.3671875 0.00625 0.0234375
3 0.475 0.37890625 0.00625 0.02109375
3 0.51171875 0.38984375 0.00625 0.01875
3 0.55859375 0.4625 0.0046875 0.01640625
3 0.74453125 0.37265625 0.00625 0.021875
3 0.80625 0.3625 0.00703125 0.0234375
3 0.89453125 0.34765625 0.0078125 0.02734375
2 0.80390625 0.49921875 0.01796875 0.01953125
2 0.85859375 0.50390625 0.01484375 0.01171875
2 0.8875 0.503125 0.0171875 0.01328125
3 0.87109375 0.46875 0.003125 0.00390625
3 0.88671875 0.4703125 0.0015625 0.00546875
3 0.88984375 0.45234375 0.00234375 0.00859375
3 0.90703125 0.46953125 0.0015625 0.00546875
1 0.78203125 0.4953125 0.0046875 0.00546875
3 0.23828125 0.1828125 0.021875 0.06484375
3 0.30546875 0.0859375 0.02890625 0.08984375