3 0.23828125 0.18359375 0.02265625 0.06328125
3 0.30625 0.0859375 0.02734375 0.08984375
2 0.3203125 0.51796875 0.0921875 0.04765625
3 0.43828125 0.3671875 0.00703125 0.0234375
3 0.74453125 0.3734375 0.00625 0.02265625
2 0.70703125 0.49921875 0.046875 0.04453125
3 0.55859375 0.4625 0.0046875 0.0171875
2 0.86015625 0.503125 0.01328125 0.01015625
2 0.8875 0.503125 0.015625 0.0125
3 0.890625 0.45390625 0.00234375 0.0078125
3 0.17890625 0.41015625 0.0125 0.0421875
0 0.37890625 0.50078125 0.00546875 0.01953125
3 0.159375 0.4640625 0.00234375 0.00625
3 0.14140625 0.4625 0.0046875 0.00703125
3 0.21015625 0.48671875 0.00234375 0.00625
2 0.6734375 0.49375 0.01875 0.01328125
1 0.7828125 0.4953125 0.00390625 0.0046875
3 0.87109375 0.471875 0.00234375 0.00390625
3 0.88671875 0.4703125 0.0015625 0.00390625
3 0.90703125 0.46953125 0.0015625 0.00546875
3 0.80625 0.36328125 0.00703125 0.025
3 0.8953125 0.34765625 0.009375 0.0296875
3 0.475 0.37890625 0.00703125 0.021875
3 0.5109375 0.38984375 0.00625 0.01953125