2 0.26875 0.51484375 0.07265625 0.03828125
0 0.49296875 0.50390625 0.009375 0.028125
0 0.40703125 0.50078125 0.0078125 0.0296875
3 0.55859375 0.4625 0.0046875 0.01796875
3 0.4390625 0.3671875 0.00703125 0.02265625
3 0.47578125 0.37890625 0.00625 0.021875
3 0.5109375 0.390625 0.00546875 0.01875
3 0.74453125 0.3734375 0.00625 0.021875
3 0.80625 0.3625 0.0078125 0.0234375
3 0.8953125 0.3484375 0.00859375 0.02734375
1 0.7828125 0.4953125 0.00390625 0.0046875
2 0.85859375 0.50390625 0.01484375 0.0125
2 0.88671875 0.503125 0.0171875 0.01328125
3 0.87109375 0.46953125 0.0015625 0.00625
3 0.88671875 0.4703125 0.0015625 0.0046875
3 0.890625 0.453125 0.0015625 0.00703125
3 0.90703125 0.46953125 0.00234375 0.00546875
3 0.1421875 0.46640625 0.00390625 0.0046875
3 0.159375 0.46640625 0.003125 0.0046875
3 0.1796875 0.46875 0.0046875 0.0046875
3 0.21015625 0.48671875 0.0015625 0.0046875
3 0.17890625 0.409375 0.0109375 0.03984375
3 0.30546875 0.0875 0.02734375 0.0890625
3 0.23828125 0.18359375 0.02265625 0.0625