2 0.346875 0.5109375 0.0703125 0.04453125
2 0.38671875 0.51015625 0.03359375 0.03125
2 0.071875 0.50078125 0.01875 0.01953125
2 0.43046875 0.50234375 0.028125 0.01484375
2 0.45703125 0.503125 0.0171875 0.01015625
2 0.49140625 0.50234375 0.02421875 0.0140625
2 0.53359375 0.5015625 0.02734375 0.0171875
2 0.56875 0.50234375 0.03125 0.0234375
2 0.67109375 0.50078125 0.02734375 0.01796875
2 0.721875 0.509375 0.04375 0.028125
2 0.91015625 0.503125 0.01875 0.01484375
2 0.92578125 0.49609375 0.0171875 0.01953125
3 0.2984375 0.22109375 0.01796875 0.0546875
3 0.36015625 0.13828125 0.02421875 0.07734375
3 0.44453125 0.03828125 0.0296875 0.0765625
3 0.49296875 0.375 0.00625 0.02265625
3 0.52578125 0.384375 0.00625 0.01953125
3 0.559375 0.3953125 0.00625 0.0203125
3 0.6046875 0.46328125 0.0046875 0.01640625
3 0.8015625 0.3765625 0.00703125 0.021875
3 0.86640625 0.36484375 0.0078125 0.02421875
3 0.9609375 0.34921875 0.00859375 0.02734375
0 0.1890625 0.49375 0.0109375 0.01796875
3 0.1953125 0.46484375 0.00234375 0.00546875
3 0.2578125 0.48828125 0.00234375 0.0046875
2 0.596875 0.5046875 0.0234375 0.01640625
1 0.884375 0.496875 0.003125 0.00390625
3 0.984375 0.4859375 0.00234375 0.0046875
3 0.9453125 0.465625 0.0015625 0.00625
3 0.90546875 0.46484375 0.003125 0.00390625
3 0.92265625 0.46484375 0.003125 0.00390625
3 0.24453125 0.41875 0.009375 0.0375
3 0.2109375 0.465625 0.00234375 0.0046875
2 0.50703125 0.50078125 0.0125 0.015625