2 0.70625 0.49921875 0.046875 0.04375
3 0.1421875 0.4625 0.003125 0.0046875
3 0.159375 0.46484375 0.0015625 0.00546875
3 0.18046875 0.46796875 0.00234375 0.00546875
3 0.21015625 0.48671875 0.00234375 0.00625
3 0.17890625 0.409375 0.01015625 0.040625
0 0.28125 0.50078125 0.0046875 0.01796875
0 0.303125 0.50078125 0.0046875 0.01953125
0 0.43359375 0.5015625 0.00703125 0.02734375
3 0.43828125 0.3671875 0.00703125 0.0234375
3 0.475 0.37890625 0.00625 0.021875
3 0.5109375 0.38984375 0.00625 0.0203125
3 0.559375 0.4625 0.0046875 0.01640625
3 0.8953125 0.34765625 0.00859375 0.02734375
3 0.80625 0.36328125 0.00703125 0.0234375
3 0.74453125 0.3734375 0.00703125 0.021875
3 0.87109375 0.471875 0.00234375 0.0046875
3 0.88671875 0.47109375 0.0015625 0.00390625
3 0.890625 0.453125 0.0015625 0.00703125
3 0.90703125 0.46953125 0.0015625 0.0046875
1 0.7828125 0.49609375 0.0046875 0.00546875
3 0.30546875 0.08671875 0.02890625 0.08984375
3 0.23828125 0.184375 0.021875 0.06484375