0 0.86875 0.50703125 0.01484375 0.046875
3 0.44609375 0.0390625 0.0296875 0.078125
3 0.29765625 0.2203125 0.01796875 0.05703125
3 0.36015625 0.13828125 0.0234375 0.07890625
3 0.1953125 0.46484375 0.00390625 0.00625
0 0.20859375 0.49375 0.01015625 0.01640625
3 0.2109375 0.465625 0.003125 0.00703125
2 0.2671875 0.50703125 0.03046875 0.02109375
3 0.2578125 0.4875 0.003125 0.00546875
3 0.24453125 0.41796875 0.00859375 0.0359375
2 0.3765625 0.5 0.021875 0.01640625
2 0.39765625 0.503125 0.009375 0.009375
2 0.42421875 0.5046875 0.0140625 0.0109375
2 0.4390625 0.5046875 0.0125 0.01015625
2 0.4625 0.50234375 0.01328125 0.0109375
2 0.490625 0.503125 0.01875 0.0125
2 0.5078125 0.50078125 0.01171875 0.015625
2 0.53203125 0.50078125 0.02421875 0.0140625
2 0.54453125 0.50390625 0.0109375 0.0109375
2 0.56875 0.50234375 0.03046875 0.02109375
2 0.596875 0.5046875 0.02578125 0.0171875
3 0.49296875 0.375 0.00703125 0.02109375
3 0.52578125 0.384375 0.00546875 0.0203125
3 0.559375 0.39453125 0.00625 0.0203125
3 0.60390625 0.46328125 0.0046875 0.01640625
2 0.071875 0.50078125 0.01953125 0.01953125
2 0.6703125 0.50078125 0.025 0.01484375
2 0.809375 0.50625 0.025 0.01484375
2 0.91015625 0.50390625 0.01796875 0.01484375
2 0.92421875 0.49609375 0.01875 0.021875
3 0.8015625 0.3765625 0.00625 0.02265625
3 0.86640625 0.36484375 0.00703125 0.0234375
3 0.9609375 0.34921875 0.009375 0.028125
3 0.984375 0.4859375 0.00234375 0.0046875
3 0.9046875 0.46484375 0.00390625 0.00390625
3 0.92265625 0.46484375 0.00390625 0.0046875
3 0.9453125 0.465625 0.00234375 0.00546875