2 0.26796875 0.5140625 0.0734375 0.03828125
3 0.2390625 0.18359375 0.021875 0.0640625
3 0.30625 0.0859375 0.02890625 0.09140625
3 0.17890625 0.409375 0.0109375 0.04140625
0 0.30078125 0.49765625 0.0046875 0.0171875
0 0.37109375 0.5015625 0.00703125 0.02421875
0 0.434375 0.5 0.00859375 0.03125
3 0.43828125 0.3671875 0.00703125 0.02421875
3 0.475 0.378125 0.00703125 0.0234375
3 0.51171875 0.390625 0.00625 0.0203125
3 0.55859375 0.4625 0.00546875 0.01796875
3 0.14140625 0.4640625 0.00390625 0.00625
3 0.15859375 0.46484375 0.003125 0.00859375
3 0.18046875 0.4671875 0.00625 0.00625
3 0.21015625 0.48671875 0.003125 0.00703125
1 0.78203125 0.4953125 0.00390625 0.00625
3 0.7453125 0.3734375 0.00625 0.02265625
3 0.80625 0.3625 0.0078125 0.0234375
3 0.8953125 0.34765625 0.0078125 0.0265625
3 0.871875 0.46953125 0.0015625 0.00546875
3 0.88671875 0.46875 0.0015625 0.0046875
3 0.90703125 0.46875 0.00234375 0.00546875
2 0.85859375 0.50390625 0.01484375 0.0125
2 0.8875 0.503125 0.0171875 0.0140625