3 0.4921875 0.375 0.00625 0.02109375
3 0.52578125 0.384375 0.00625 0.01953125
3 0.559375 0.39453125 0.00625 0.01875
2 0.07109375 0.50390625 0.01640625 0.0125
3 0.2984375 0.2203125 0.01953125 0.05703125
3 0.359375 0.13828125 0.02265625 0.078125
3 0.44609375 0.0390625 0.03046875 0.07734375
3 0.80234375 0.3765625 0.00625 0.02265625
2 0.78984375 0.509375 0.03984375 0.03125
2 0.90390625 0.5046875 0.02265625 0.0171875
2 0.67109375 0.5015625 0.0265625 0.0171875
2 0.3765625 0.5 0.02109375 0.015625
2 0.43046875 0.50390625 0.028125 0.0109375
2 0.46484375 0.5015625 0.0171875 0.0125
2 0.4921875 0.503125 0.021875 0.0125
2 0.53359375 0.5015625 0.0265625 0.0171875
2 0.56875 0.5015625 0.0296875 0.02265625
2 0.5078125 0.50078125 0.0109375 0.015625
2 0.596875 0.50546875 0.02578125 0.015625
3 0.60390625 0.46328125 0.0046875 0.01640625
3 0.19453125 0.46484375 0.00234375 0.00625
3 0.2109375 0.465625 0.00234375 0.00703125
3 0.2578125 0.4875 0.00234375 0.0078125
3 0.2453125 0.41953125 0.0109375 0.0390625
2 0.87578125 0.50390625 0.00859375 0.00703125
3 0.984375 0.4859375 0.003125 0.00546875
3 0.9453125 0.46640625 0.00234375 0.00546875
3 0.9046875 0.46484375 0.00390625 0.003125
3 0.9234375 0.46484375 0.00234375 0.003125
3 0.86640625 0.365625 0.0078125 0.025
3 0.9609375 0.3484375 0.009375 0.0265625
2 0.88515625 0.503125 0.00546875 0.00625
2 0.39765625 0.503125 0.0109375 0.0109375