0 0.54453125 0.5234375 0.05 0.13828125
2 0.37578125 0.5 0.02109375 0.0140625
2 0.3984375 0.50234375 0.01015625 0.01171875
2 0.4296875 0.503125 0.02734375 0.01171875
2 0.45703125 0.503125 0.01796875 0.009375
2 0.49140625 0.503125 0.0234375 0.01328125
2 0.5078125 0.50078125 0.0125 0.015625
2 0.5296875 0.5 0.015625 0.0171875
2 0.5703125 0.50390625 0.0203125 0.01484375
2 0.59453125 0.50546875 0.02734375 0.01640625
3 0.60390625 0.4625 0.0046875 0.0171875
3 0.55859375 0.39375 0.00625 0.01953125
3 0.52578125 0.384375 0.00625 0.021875
3 0.49296875 0.37421875 0.00625 0.0234375
2 0.6703125 0.5015625 0.025 0.0171875
2 0.76796875 0.509375 0.04609375 0.034375
2 0.8640625 0.50390625 0.009375 0.00625
2 0.9109375 0.50390625 0.01875 0.0140625
3 0.98515625 0.4859375 0.00234375 0.0046875
3 0.9453125 0.46640625 0.00234375 0.00546875
3 0.92265625 0.46484375 0.003125 0.003125
3 0.9046875 0.46484375 0.003125 0.0046875
3 0.9609375 0.34921875 0.00859375 0.0265625
3 0.86640625 0.36484375 0.00859375 0.02421875
3 0.8015625 0.37578125 0.00625 0.02265625
2 0.07109375 0.5 0.01875 0.01875
3 0.1953125 0.46484375 0.00234375 0.00546875
3 0.2109375 0.4640625 0.00234375 0.00546875
3 0.2578125 0.4875 0.0015625 0.00546875
3 0.44609375 0.0390625 0.03203125 0.07734375
3 0.36015625 0.1375 0.02421875 0.0765625
3 0.2984375 0.2203125 0.01875 0.05625
3 0.24453125 0.41875 0.009375 0.03828125
2 0.87890625 0.50234375 0.01328125 0.00859375