0 0.63984375 0.50703125 0.01015625 0.046875
0 0.08125 0.50234375 0.00859375 0.0359375
2 0.21875 0.51484375 0.07578125 0.0578125
2 0.28359375 0.51171875 0.05625 0.0375
3 0.15703125 0.4640625 0.00234375 0.0046875
3 0.175 0.46484375 0.0015625 0.00390625
3 0.1953125 0.465625 0.003125 0.0046875
2 0.34375 0.5 0.021875 0.01640625
2 0.3671875 0.50390625 0.0125 0.01015625
2 0.3953125 0.503125 0.0265625 0.01640625
2 0.4296875 0.5015625 0.01875 0.0140625
2 0.459375 0.503125 0.02265625 0.0140625
2 0.48125 0.50078125 0.015625 0.01640625
2 0.50390625 0.4984375 0.01875 0.01640625
2 0.52734375 0.50234375 0.01953125 0.02578125
2 0.5546875 0.50859375 0.02578125 0.01328125
2 0.65546875 0.50078125 0.02265625 0.01796875
2 0.69140625 0.5109375 0.05234375 0.034375
3 0.40078125 0.34765625 0.00859375 0.02734375
3 0.44765625 0.36171875 0.00703125 0.02421875
3 0.4953125 0.37578125 0.00625 0.0203125
3 0.55625 0.4578125 0.00546875 0.0171875
3 0.77734375 0.35 0.0078125 0.02578125
3 0.85390625 0.3328125 0.01015625 0.0296875
3 0.97265625 0.30859375 0.01171875 0.03359375
2 0.91171875 0.50390625 0.01875 0.01484375
2 0.92734375 0.496875 0.0171875 0.01875
1 0.88359375 0.496875 0.003125 0.00390625
3 0.98828125 0.484375 0.003125 0.0046875
3 0.90390625 0.46796875 0.00234375 0.00546875
3 0.92265625 0.46640625 0.00234375 0.00546875
3 0.94609375 0.46328125 0.00234375 0.0046875
2 0.01484375 0.49921875 0.02890625 0.021875