3 0.2375 0.18359375 0.02265625 0.06328125
3 0.30546875 0.08515625 0.02890625 0.0921875
2 0.27265625 0.5140625 0.0734375 0.0375
3 0.43828125 0.3671875 0.00625 0.02265625
3 0.475 0.37890625 0.00625 0.02109375
3 0.5109375 0.39140625 0.00546875 0.01875
3 0.74453125 0.3734375 0.00625 0.0234375
3 0.80625 0.36328125 0.0078125 0.02578125
3 0.89453125 0.3484375 0.00859375 0.028125
2 0.70625 0.49921875 0.0484375 0.04453125
2 0.85859375 0.50390625 0.0140625 0.0125
2 0.8875 0.503125 0.0171875 0.0140625
3 0.87109375 0.47109375 0.0015625 0.00546875
3 0.88671875 0.4703125 0.0015625 0.00546875
3 0.890625 0.453125 0.0015625 0.00703125
3 0.55859375 0.4625 0.0046875 0.0171875
3 0.17890625 0.409375 0.01015625 0.0421875
0 0.30390625 0.49921875 0.0046875 0.01640625
0 0.36953125 0.5015625 0.0046875 0.01875
0 0.33515625 0.50078125 0.00390625 0.01875
1 0.78203125 0.4953125 0.00390625 0.00546875
3 0.90703125 0.4703125 0.0015625 0.00625