3 0.23828125 0.18359375 0.0234375 0.06328125
3 0.30546875 0.0859375 0.0296875 0.090625
3 0.74453125 0.3734375 0.00625 0.02265625
3 0.80625 0.3625 0.0078125 0.0234375
3 0.8953125 0.346875 0.00859375 0.0265625
0 0.4828125 0.503125 0.00859375 0.0328125
3 0.43828125 0.3671875 0.00703125 0.02421875
3 0.47421875 0.37890625 0.00625 0.02265625
3 0.51171875 0.390625 0.00625 0.0171875
3 0.55859375 0.4625 0.0046875 0.0171875
2 0.26796875 0.5140625 0.071875 0.03828125
2 0.2171875 0.5046875 0.0265625 0.0140625
2 0.8578125 0.50390625 0.01484375 0.0125
3 0.871875 0.4703125 0.0015625 0.00625
3 0.890625 0.45390625 0.0015625 0.0078125
3 0.17890625 0.409375 0.0109375 0.040625
0 0.6078125 0.50234375 0.0078125 0.0328125
1 0.7828125 0.4953125 0.0046875 0.0046875
3 0.88671875 0.46953125 0.0015625 0.00625
3 0.90703125 0.46953125 0.0015625 0.00546875