2 0.76171875 0.50234375 0.02109375 0.00859375
2 0.7265625 0.50078125 0.02890625 0.0125
0 0.671875 0.50625 0.003125 0.0109375
0 0.68515625 0.50546875 0.003125 0.01171875
0 0.69765625 0.50546875 0.003125 0.01328125
3 0.778125 0.43671875 0.003125 0.009375
3 0.81484375 0.4328125 0.003125 0.0109375
3 0.84921875 0.43046875 0.00390625 0.0125
2 0.8484375 0.5125 0.04765625 0.04140625
2 0.878125 0.50390625 0.01015625 0.00859375
2 0.88828125 0.50234375 0.00859375 0.00625
2 0.9 0.5015625 0.009375 0.0078125
2 0.9234375 0.5 0.00703125 0.00625
3 0.99453125 0.478125 0.00390625 0.009375
3 0.93125 0.44765625 0.003125 0.0078125
3 0.89765625 0.45 0.003125 0.00859375
3 0.8703125 0.4515625 0.00390625 0.009375