2 0.534375 0.5328125 0.20078125 0.08671875
3 0.30546875 0.0859375 0.02890625 0.08984375
3 0.2375 0.184375 0.02265625 0.0640625
3 0.1796875 0.409375 0.01015625 0.04140625
3 0.1421875 0.4625 0.00390625 0.00546875
3 0.17890625 0.465625 0.0046875 0.00625
3 0.21015625 0.48671875 0.00234375 0.00703125
0 0.29453125 0.50078125 0.00625 0.01953125
0 0.3203125 0.50078125 0.0046875 0.021875
0 0.39140625 0.5015625 0.00625 0.025
3 0.43828125 0.3671875 0.00625 0.0234375
3 0.47421875 0.37890625 0.00703125 0.021875
3 0.5109375 0.38984375 0.00625 0.01875
3 0.559375 0.4625 0.00546875 0.01796875
2 0.70703125 0.49921875 0.046875 0.04140625
1 0.7828125 0.49609375 0.0046875 0.00625
2 0.846875 0.503125 0.015625 0.00859375
2 0.93359375 0.503125 0.00703125 0.0078125
3 0.7453125 0.3734375 0.00703125 0.02265625
3 0.80625 0.36328125 0.0078125 0.025
3 0.8953125 0.3484375 0.009375 0.0265625
3 0.87109375 0.47109375 0.00234375 0.00546875
3 0.88671875 0.4703125 0.0015625 0.00546875
3 0.890625 0.45390625 0.00234375 0.00703125
3 0.90703125 0.46953125 0.0015625 0.00546875