2 0.8390625 0.51328125 0.05625 0.04296875
2 0.896875 0.50234375 0.01171875 0.009375
2 0.92421875 0.50078125 0.00703125 0.0078125
2 0.88046875 0.503125 0.0109375 0.00703125
2 0.72578125 0.50234375 0.02109375 0.01015625
2 0.6671875 0.5015625 0.02421875 0.01484375
2 0.5359375 0.50234375 0.0203125 0.01015625
2 0.55859375 0.50078125 0.0171875 0.01015625
2 0.5859375 0.49921875 0.021875 0.01640625
2 0.61015625 0.5 0.0171875 0.01484375
2 0.64296875 0.503125 0.015625 0.009375
3 0.69453125 0.39921875 0.0046875 0.015625
3 0.7484375 0.390625 0.00546875 0.01875
3 0.8 0.38125 0.00625 0.021875
3 0.85078125 0.43125 0.00390625 0.0125
3 0.8875 0.42734375 0.00390625 0.01171875
3 0.93671875 0.42421875 0.00390625 0.0125
2 0.6875 0.50390625 0.0171875 0.0109375
3 0.6796875 0.43046875 0.00234375 0.01171875
3 0.90234375 0.47421875 0.00234375 0.003125
3 0.9171875 0.47265625 0.00234375 0.00390625
3 0.93515625 0.47421875 0.00234375 0.0046875
3 0.690625 0.43359375 0.003125 0.01171875
3 0.70234375 0.43671875 0.003125 0.0109375