2 0.26875 0.51484375 0.071875 0.03984375
3 0.17890625 0.40859375 0.01015625 0.040625
3 0.23828125 0.18359375 0.02265625 0.065625
3 0.30546875 0.0859375 0.02890625 0.090625
3 0.1421875 0.46328125 0.00234375 0.00546875
3 0.1796875 0.46640625 0.003125 0.00546875
3 0.21015625 0.4875 0.003125 0.0046875
0 0.38828125 0.5015625 0.00859375 0.02734375
0 0.46015625 0.5 0.0078125 0.03203125
3 0.43828125 0.36640625 0.00703125 0.021875
3 0.47421875 0.378125 0.0078125 0.0234375
3 0.5109375 0.38984375 0.00625 0.0203125
3 0.55859375 0.46171875 0.0046875 0.01640625
1 0.78203125 0.4953125 0.00390625 0.00546875
2 0.85859375 0.50390625 0.0140625 0.0125
2 0.8875 0.50390625 0.0171875 0.01328125
3 0.7453125 0.37265625 0.00625 0.02109375
3 0.80625 0.3625 0.00703125 0.02421875
3 0.8953125 0.34765625 0.00859375 0.0265625
3 0.871875 0.4703125 0.0015625 0.00390625
3 0.88671875 0.4703125 0.00234375 0.00625
3 0.890625 0.453125 0.00234375 0.00703125
3 0.90703125 0.46875 0.0015625 0.00546875
3 0.159375 0.46484375 0.00234375 0.0046875