2 0.26875 0.5140625 0.07265625 0.03828125
3 0.21015625 0.4875 0.00234375 0.00625
3 0.1421875 0.46484375 0.003125 0.00546875
3 0.18046875 0.465625 0.00234375 0.0046875
3 0.1796875 0.41015625 0.0109375 0.03984375
0 0.3546875 0.5015625 0.00625 0.0234375
0 0.41015625 0.5015625 0.00625 0.0265625
3 0.43828125 0.3671875 0.00625 0.02265625
3 0.475 0.37890625 0.00703125 0.021875
3 0.5109375 0.38984375 0.0046875 0.01875
3 0.55859375 0.4625 0.0046875 0.01640625
0 0.3140625 0.50078125 0.0046875 0.02109375
3 0.87109375 0.46953125 0.0015625 0.0046875
3 0.88671875 0.46953125 0.0015625 0.0046875
3 0.90703125 0.4703125 0.0015625 0.00546875
1 0.7828125 0.4953125 0.00546875 0.00625
2 0.81171875 0.49921875 0.01640625 0.01875
2 0.85859375 0.50390625 0.01484375 0.0125
2 0.8875 0.503125 0.0171875 0.01328125
3 0.7453125 0.37421875 0.00625 0.02265625
3 0.80625 0.36328125 0.00703125 0.0234375
3 0.8953125 0.3484375 0.00859375 0.028125
3 0.30625 0.08515625 0.0296875 0.09375
3 0.23671875 0.1828125 0.021875 0.065625
3 0.159375 0.46484375 0.003125 0.00546875