0 0.7515625 0.53515625 0.0890625 0.20546875
3 0.44609375 0.0390625 0.03046875 0.07734375
3 0.359375 0.1390625 0.0234375 0.078125
3 0.2984375 0.22109375 0.01953125 0.05546875
2 0.071875 0.50078125 0.01875 0.01796875
3 0.1953125 0.465625 0.00234375 0.00625
3 0.2578125 0.4875 0.0015625 0.00546875
3 0.24453125 0.41875 0.009375 0.0359375
3 0.4921875 0.375 0.00703125 0.02265625
3 0.525 0.38359375 0.00625 0.01953125
3 0.559375 0.39375 0.00546875 0.01796875
3 0.60390625 0.4625 0.0046875 0.015625
2 0.3765625 0.50078125 0.0203125 0.01484375
2 0.39765625 0.503125 0.0109375 0.009375
2 0.43046875 0.5046875 0.02734375 0.0109375
2 0.45703125 0.50390625 0.01640625 0.0078125
2 0.4921875 0.503125 0.0234375 0.01328125
2 0.50703125 0.5015625 0.0125 0.0140625
2 0.53125 0.50078125 0.021875 0.0140625
2 0.54609375 0.50546875 0.0125 0.01171875
2 0.56875 0.50234375 0.03046875 0.0203125
2 0.5953125 0.5046875 0.0265625 0.01640625
2 0.6703125 0.50078125 0.0234375 0.01640625
2 0.79296875 0.5078125 0.03359375 0.03046875
2 0.88046875 0.503125 0.01484375 0.00703125
2 0.9109375 0.503125 0.01796875 0.01484375
2 0.89609375 0.5015625 0.01015625 0.0109375
0 0.984375 0.50078125 0.00546875 0.015625
3 0.98515625 0.4859375 0.00234375 0.0046875
3 0.9453125 0.46640625 0.0015625 0.0046875
3 0.9046875 0.46484375 0.003125 0.0046875
3 0.92265625 0.46484375 0.003125 0.00390625
3 0.9609375 0.35 0.009375 0.02734375
3 0.86640625 0.36328125 0.0078125 0.021875
3 0.80234375 0.3765625 0.00625 0.02265625
3 0.2109375 0.46484375 0.003125 0.003125