0 0.628125 0.528125 0.059375 0.16875
3 0.4453125 0.0390625 0.0296875 0.07734375
3 0.2984375 0.2203125 0.01796875 0.05625
3 0.36015625 0.1390625 0.02265625 0.0765625
3 0.2453125 0.41875 0.01171875 0.03671875
3 0.1953125 0.46640625 0.00234375 0.00625
3 0.2109375 0.46640625 0.003125 0.00390625
3 0.2578125 0.4875 0.00234375 0.0046875
3 0.4921875 0.375 0.00703125 0.021875
3 0.52578125 0.38359375 0.00546875 0.01875
3 0.559375 0.39453125 0.00625 0.01875
3 0.60390625 0.4625 0.00546875 0.01640625
2 0.3765625 0.5 0.0203125 0.015625
2 0.39765625 0.50234375 0.0109375 0.01171875
2 0.43125 0.50390625 0.0265625 0.009375
2 0.46484375 0.50234375 0.0171875 0.01328125
2 0.49140625 0.50234375 0.02421875 0.0140625
2 0.50703125 0.50078125 0.01328125 0.01640625
2 0.5328125 0.5 0.0234375 0.01484375
2 0.546875 0.50546875 0.01328125 0.0125
2 0.56796875 0.5015625 0.0296875 0.02265625
2 0.59375 0.5046875 0.02421875 0.0171875
2 0.67109375 0.50078125 0.0265625 0.0171875
2 0.7875 0.50859375 0.0390625 0.03125
2 0.87890625 0.50234375 0.015625 0.00859375
2 0.89609375 0.5015625 0.0109375 0.0109375
2 0.9109375 0.50234375 0.01640625 0.015625
3 0.9046875 0.46484375 0.003125 0.00390625
3 0.92265625 0.46484375 0.00234375 0.003125
3 0.9453125 0.465625 0.00234375 0.00546875
3 0.98515625 0.4859375 0.00234375 0.00546875
3 0.9609375 0.3484375 0.009375 0.0265625
3 0.86640625 0.36484375 0.00703125 0.02421875
3 0.8015625 0.3765625 0.0078125 0.021875
2 0.071875 0.5 0.0203125 0.01875