3 0.040625 0.24375 0.0140625 0.0484375
3 0.26015625 0.4234375 0.009375 0.03203125
3 0.53828125 0.11171875 0.02109375 0.08671875
3 0.6953125 0.0203125 0.028125 0.040625
2 0.05546875 0.4984375 0.096875 0.09921875
2 0.753125 0.50078125 0.075 0.0625
2 0.84375 0.51328125 0.05625 0.0421875
2 0.88984375 0.503125 0.0109375 0.00625
2 0.903125 0.50234375 0.00859375 0.00625
2 0.9234375 0.50078125 0.00625 0.00703125
3 0.97578125 0.484375 0.00234375 0.00703125
3 0.88203125 0.4625 0.00234375 0.00703125
3 0.903125 0.4625 0.003125 0.0078125
3 0.9296875 0.4609375 0.00234375 0.0078125
3 0.8171875 0.4546875 0.00234375 0.00703125
3 0.8453125 0.45234375 0.00234375 0.0078125
3 0.86953125 0.45078125 0.00234375 0.00703125