2 0.26875 0.51484375 0.0734375 0.0375
2 0.21015625 0.5046875 0.01875 0.01171875
2 0.85859375 0.50390625 0.01484375 0.0125
2 0.89375 0.503125 0.0265625 0.01640625
0 0.45390625 0.5015625 0.00546875 0.03203125
3 0.17890625 0.409375 0.01015625 0.040625
3 0.23828125 0.184375 0.02265625 0.0640625
3 0.3046875 0.0875 0.0296875 0.08828125
3 0.43828125 0.3671875 0.0078125 0.0234375
3 0.47421875 0.37890625 0.00703125 0.02109375
3 0.5109375 0.38984375 0.00546875 0.01953125
3 0.55859375 0.46171875 0.00546875 0.01640625
0 0.5734375 0.50078125 0.00859375 0.03515625
3 0.7453125 0.3734375 0.00625 0.02265625
3 0.80625 0.36328125 0.009375 0.02421875
3 0.89453125 0.34765625 0.00859375 0.0265625
3 0.871875 0.47109375 0.0015625 0.00546875
3 0.890625 0.45390625 0.00234375 0.0078125
1 0.7828125 0.4953125 0.0046875 0.00546875
2 0.6765625 0.49453125 0.02890625 0.0125
3 0.21015625 0.4875 0.00234375 0.00625
3 0.1421875 0.4671875 0.00234375 0.0046875
3 0.159375 0.46875 0.00390625 0.00546875
3 0.1796875 0.46875 0.00390625 0.0046875
3 0.88671875 0.46953125 0.00234375 0.00546875
3 0.90703125 0.4703125 0.0015625 0.00625