3 0.359375 0.1390625 0.02421875 0.07734375
3 0.2984375 0.22109375 0.01796875 0.05703125
3 0.44609375 0.0390625 0.03046875 0.078125
3 0.4921875 0.3734375 0.00625 0.021875
3 0.525 0.38359375 0.00546875 0.01875
3 0.559375 0.39453125 0.00625 0.01953125
3 0.80234375 0.37578125 0.00625 0.02265625
3 0.86640625 0.36484375 0.00703125 0.0234375
3 0.9609375 0.34921875 0.009375 0.0265625
2 0.25234375 0.50546875 0.015625 0.0109375
2 0.27421875 0.50234375 0.01875 0.015625
2 0.3765625 0.5 0.02109375 0.01640625
2 0.43125 0.503125 0.028125 0.0125
2 0.49140625 0.50234375 0.02421875 0.01328125
2 0.50859375 0.5 0.01171875 0.01640625
2 0.53359375 0.50078125 0.02734375 0.01484375
2 0.56796875 0.5015625 0.03125 0.02109375
2 0.596875 0.5046875 0.025 0.0140625
2 0.67109375 0.5015625 0.02734375 0.01640625
2 0.7890625 0.509375 0.0390625 0.03046875
2 0.8625 0.509375 0.0453125 0.03046875
2 0.8984375 0.5 0.0140625 0.01484375
2 0.93125 0.5 0.009375 0.01015625
3 0.92265625 0.46484375 0.00390625 0.0046875
3 0.98515625 0.4859375 0.00234375 0.00625
2 0.0703125 0.50390625 0.01484375 0.01171875
3 0.246875 0.41875 0.01171875 0.0359375
3 0.2578125 0.4875 0.00234375 0.0046875
3 0.19453125 0.465625 0.0015625 0.00625
3 0.2109375 0.4671875 0.00234375 0.00859375
3 0.6046875 0.46328125 0.00546875 0.01640625
2 0.396875 0.50078125 0.0125 0.01015625
2 0.45703125 0.5015625 0.01796875 0.0109375
3 0.9046875 0.46484375 0.00390625 0.00546875
3 0.9453125 0.465625 0.00234375 0.0046875