0 0.76171875 0.50625 0.0109375 0.04296875
2 0.07109375 0.50078125 0.01875 0.01875
0 0.1953125 0.49375 0.01015625 0.0203125
3 0.1953125 0.46484375 0.003125 0.00625
3 0.2109375 0.46640625 0.00234375 0.00546875
3 0.2578125 0.48671875 0.00234375 0.00546875
3 0.2453125 0.41796875 0.0109375 0.0375
3 0.2984375 0.22109375 0.01875 0.05546875
3 0.36015625 0.1390625 0.025 0.07734375
3 0.44609375 0.0390625 0.02890625 0.07734375
2 0.3015625 0.5078125 0.05703125 0.0359375
2 0.375 0.509375 0.05546875 0.03203125
2 0.43046875 0.503125 0.02734375 0.0109375
2 0.46640625 0.50078125 0.01796875 0.01484375
2 0.49140625 0.503125 0.02265625 0.0140625
2 0.50703125 0.50078125 0.0140625 0.01484375
2 0.5328125 0.50078125 0.0265625 0.01640625
2 0.5453125 0.50546875 0.01328125 0.01171875
2 0.56796875 0.5015625 0.03203125 0.02265625
2 0.59453125 0.50546875 0.0296875 0.01640625
2 0.67109375 0.5015625 0.0265625 0.01796875
2 0.7390625 0.50703125 0.03046875 0.025
3 0.49296875 0.375 0.00625 0.02109375
3 0.52578125 0.38359375 0.00546875 0.01953125
3 0.559375 0.39453125 0.00546875 0.01953125
3 0.60390625 0.46328125 0.00546875 0.01640625
0 0.82578125 0.50078125 0.00390625 0.0140625
1 0.884375 0.496875 0.003125 0.00390625
2 0.91015625 0.503125 0.01875 0.015625
2 0.92578125 0.49609375 0.015625 0.02109375
3 0.984375 0.4859375 0.00234375 0.00546875
3 0.9453125 0.46640625 0.00234375 0.00546875
3 0.92265625 0.46484375 0.00390625 0.00390625
3 0.9046875 0.46484375 0.00390625 0.00390625
3 0.9609375 0.3484375 0.00859375 0.028125
3 0.86640625 0.36484375 0.00703125 0.021875
3 0.8015625 0.37578125 0.00703125 0.02265625