2 0.26875 0.5140625 0.0734375 0.03828125
3 0.15859375 0.4671875 0.003125 0.00703125
3 0.18046875 0.46875 0.0046875 0.00546875
3 0.21015625 0.4875 0.00234375 0.00625
3 0.17890625 0.41015625 0.0109375 0.03984375
0 0.42890625 0.5015625 0.00703125 0.0296875
0 0.5296875 0.5015625 0.009375 0.0359375
3 0.4375 0.36796875 0.00625 0.0234375
3 0.47421875 0.378125 0.00625 0.02109375
3 0.5109375 0.390625 0.00703125 0.01875
3 0.55859375 0.4625 0.0046875 0.01796875
3 0.30546875 0.0859375 0.02890625 0.08984375
3 0.2390625 0.18203125 0.02421875 0.065625
1 0.7828125 0.4953125 0.00390625 0.0046875
2 0.85859375 0.50390625 0.01484375 0.0125
2 0.8875 0.503125 0.0171875 0.01328125
3 0.87109375 0.47109375 0.0015625 0.0046875
3 0.88671875 0.46953125 0.0015625 0.00546875
3 0.890625 0.45390625 0.00234375 0.00703125
3 0.90703125 0.4703125 0.0015625 0.0046875
3 0.8953125 0.3484375 0.009375 0.028125
3 0.80546875 0.36171875 0.0078125 0.0234375
3 0.7453125 0.3734375 0.00625 0.02109375
3 0.1421875 0.46640625 0.003125 0.0046875