0 0.46640625 0.5171875 0.01328125 0.0546875
3 0.01953125 0.23515625 0.01328125 0.05234375
3 0.15390625 0.2734375 0.0125 0.04140625
3 0.27109375 0.3078125 0.0109375 0.034375
3 0.40234375 0.43828125 0.0078125 0.02578125
2 0.003125 0.5203125 0.00625 0.04375
2 0.01640625 0.50390625 0.01796875 0.0125
3 0.0734375 0.46015625 0.003125 0.00625
3 0.0953125 0.4609375 0.003125 0.00625
3 0.11953125 0.4625 0.00234375 0.0046875
3 0.1578125 0.4859375 0.00390625 0.00546875
2 0.27109375 0.50078125 0.021875 0.01796875
2 0.290625 0.503125 0.0140625 0.01171875
2 0.31171875 0.50546875 0.025 0.01171875
2 0.38359375 0.5046875 0.01796875 0.0140625
2 0.4359375 0.503125 0.0375 0.03125
2 0.47265625 0.50703125 0.04453125 0.02265625
2 0.50859375 0.50390625 0.01171875 0.009375
2 0.59609375 0.515625 0.08046875 0.04765625
2 0.915625 0.5046875 0.01953125 0.01640625
2 0.93046875 0.496875 0.01640625 0.01953125
0 0.821875 0.50234375 0.003125 0.01328125
3 0.9984375 0.484375 0.003125 0.00703125
3 0.95078125 0.4609375 0.00234375 0.00625
3 0.92421875 0.46171875 0.00234375 0.00625
3 0.90390625 0.46328125 0.00234375 0.00703125
1 0.8828125 0.49765625 0.003125 0.00390625
3 0.7984375 0.1875 0.01640625 0.05859375
3 0.67734375 0.23984375 0.01640625 0.046875