2 0.75 0.72109375 0.49765625 0.55234375
2 0.6984375 0.50390625 0.03203125 0.01328125
2 0.63515625 0.5015625 0.0375 0.01796875
2 0.525 0.50546875 0.015625 0.01171875
2 0.55234375 0.503125 0.02109375 0.01015625
2 0.584375 0.49921875 0.0296875 0.01640625
3 0.5203125 0.48671875 0.00234375 0.00625
3 0.46953125 0.46875 0.0015625 0.00390625
3 0.48203125 0.46875 0.0015625 0.00390625
3 0.496875 0.46953125 0.0015625 0.0046875
2 0.4578125 0.503125 0.00859375 0.00859375
2 0.471875 0.50234375 0.00859375 0.0078125
3 0.44609375 0.45625 0.00234375 0.0078125
3 0.46640625 0.45703125 0.0015625 0.00703125
3 0.4828125 0.45703125 0.00234375 0.00703125
2 0.73515625 0.50546875 0.00859375 0.01875