2 0.7546875 0.72578125 0.490625 0.54765625
3 0.4875 0.19296875 0.01328125 0.05390625
3 0.62734375 0.2015625 0.01484375 0.05390625
3 0.7359375 0.21171875 0.015625 0.053125
3 0.24609375 0.37421875 0.0125 0.05625
3 0.78515625 0.378125 0.00703125 0.02109375
3 0.828125 0.3625 0.009375 0.02421875
3 0.89453125 0.3375 0.0109375 0.03046875
3 0.34765625 0.359375 0.00625 0.02421875
3 0.36015625 0.37421875 0.00546875 0.0171875
3 0.371875 0.39140625 0.0046875 0.01796875
3 0.38828125 0.4640625 0.003125 0.0140625
3 0.53828125 0.4171875 0.003125 0.0140625
3 0.5703125 0.41796875 0.003125 0.0140625
3 0.6078125 0.41796875 0.003125 0.0140625
3 0.66796875 0.46796875 0.0046875 0.01328125
2 0.4921875 0.50390625 0.0078125 0.00859375
2 0.471875 0.503125 0.00625 0.00859375
2 0.7890625 0.50703125 0.078125 0.03203125