2 0.75 0.7203125 0.49765625 0.553125
2 0.596875 0.521875 0.09921875 0.0703125
2 0.6390625 0.5015625 0.0296875 0.01796875
2 0.69921875 0.50390625 0.03203125 0.0140625
2 0.73515625 0.5046875 0.00859375 0.0203125
2 0.45859375 0.50234375 0.00859375 0.01015625
3 0.5203125 0.4875 0.00234375 0.00625
3 0.46953125 0.46875 0.0015625 0.0046875
3 0.48203125 0.46875 0.0015625 0.0046875
3 0.496875 0.46953125 0.0015625 0.00390625
3 0.44609375 0.45625 0.0015625 0.00703125
3 0.46640625 0.45703125 0.0015625 0.0078125
3 0.4828125 0.45625 0.00234375 0.0078125
3 0.53984375 0.46328125 0.0015625 0.00703125
3 0.54453125 0.46171875 0.0015625 0.00625