2 0.75390625 0.7203125 0.490625 0.553125
2 0.3875 0.49921875 0.03359375 0.0203125
2 0.16015625 0.50234375 0.01796875 0.01953125
2 0.18359375 0.50078125 0.0171875 0.0140625
3 0.20390625 0.42421875 0.00390625 0.01171875
3 0.2171875 0.45078125 0.003125 0.0078125
3 0.24453125 0.4296875 0.003125 0.0125
3 0.27421875 0.43203125 0.003125 0.0125
3 0.30078125 0.48359375 0.003125 0.00703125
3 0.33828125 0.45234375 0.00234375 0.00859375
3 0.3828125 0.47734375 0.003125 0.009375
3 0.3484375 0.45078125 0.00234375 0.0078125
3 0.36171875 0.4484375 0.00234375 0.00859375
3 0.23984375 0.45234375 0.003125 0.00859375
3 0.2640625 0.45390625 0.00234375 0.0078125