2 0.75 0.7203125 0.49765625 0.553125
2 0.734375 0.503125 0.00859375 0.02578125
2 0.6984375 0.50390625 0.03203125 0.0140625
2 0.63515625 0.5 0.03828125 0.01875
2 0.51953125 0.51015625 0.0390625 0.03359375
2 0.4578125 0.503125 0.009375 0.00859375
2 0.478125 0.5 0.01171875 0.01171875
3 0.53984375 0.46328125 0.0015625 0.00625
3 0.44609375 0.45703125 0.00234375 0.00625
3 0.46640625 0.45703125 0.0015625 0.00625
3 0.46953125 0.46875 0.00078125 0.00390625
3 0.48203125 0.46875 0.0015625 0.0046875
3 0.4828125 0.45703125 0.00234375 0.00703125
3 0.496875 0.4703125 0.0015625 0.00390625
3 0.54453125 0.4625 0.0015625 0.00546875