2 0.75234375 0.7203125 0.49375 0.553125
2 0.684375 0.49609375 0.1296875 0.096875
2 0.54765625 0.5125 0.04609375 0.03671875
3 0.653125 0.4296875 0.003125 0.01171875
2 0.4921875 0.5015625 0.0125 0.01640625
2 0.51171875 0.49765625 0.02265625 0.01328125
3 0.60625 0.478125 0.003125 0.01015625
3 0.51796875 0.44453125 0.00234375 0.009375
3 0.475 0.39453125 0.0046875 0.01796875
3 0.525 0.3953125 0.0046875 0.01875
3 0.565625 0.3953125 0.0046875 0.01796875
3 0.5390625 0.4453125 0.00234375 0.00859375
3 0.5640625 0.4453125 0.003125 0.009375
3 0.66640625 0.425 0.00390625 0.0125
3 0.68515625 0.41796875 0.0046875 0.01328125