2 0.7515625 0.7203125 0.49453125 0.553125
2 0.7625 0.5015625 0.0234375 0.0296875
2 0.7125 0.50390625 0.0453125 0.0140625
2 0.646875 0.50234375 0.0390625 0.01875
2 0.59453125 0.5 0.03515625 0.01640625
2 0.534375 0.50703125 0.01640625 0.01171875
2 0.5640625 0.503125 0.0203125 0.0109375
2 0.4625 0.50390625 0.0078125 0.00703125
3 0.453125 0.45546875 0.00234375 0.00703125
3 0.47421875 0.45625 0.0015625 0.00703125
3 0.49140625 0.45625 0.00234375 0.0078125
3 0.5484375 0.46328125 0.0015625 0.00546875
3 0.553125 0.4625 0.0015625 0.0046875