2 0.75 0.7203125 0.49765625 0.553125
2 0.84453125 0.5140625 0.19453125 0.0953125
2 0.60859375 0.503125 0.02265625 0.0109375
2 0.5328125 0.5 0.02265625 0.02734375
2 0.4859375 0.5015625 0.00859375 0.01171875
2 0.49609375 0.5 0.00625 0.00859375
3 0.54921875 0.48515625 0.0015625 0.0046875
3 0.47109375 0.45625 0.0015625 0.00703125
3 0.4921875 0.45625 0.0015625 0.0078125
3 0.509375 0.45625 0.0015625 0.00703125
3 0.49765625 0.46875 0.0015625 0.00546875
3 0.51015625 0.46953125 0.0015625 0.00625
3 0.52578125 0.4703125 0.0015625 0.0046875