2 0.75 0.7203125 0.49765625 0.553125
2 0.73515625 0.503125 0.0078125 0.0234375
2 0.69765625 0.503125 0.034375 0.015625
2 0.634375 0.5015625 0.03828125 0.01875
2 0.58515625 0.49921875 0.03125 0.01640625
2 0.553125 0.50234375 0.021875 0.0109375
2 0.4578125 0.503125 0.009375 0.00859375
3 0.5203125 0.48828125 0.003125 0.00625
3 0.44609375 0.45625 0.0015625 0.00625
3 0.46640625 0.45703125 0.0015625 0.0078125
3 0.4703125 0.46875 0.0015625 0.0046875
3 0.48203125 0.46875 0.0015625 0.0046875
3 0.4828125 0.45703125 0.00234375 0.00703125
3 0.496875 0.46953125 0.00234375 0.00546875
0 0.4203125 0.503125 0.003125 0.01328125
3 0.53984375 0.46328125 0.0015625 0.0078125
3 0.54453125 0.46171875 0.0015625 0.00625