2 0.75390625 0.7234375 0.4921875 0.553125
2 0.7796875 0.5046875 0.05625 0.01796875
2 0.84375 0.50234375 0.0234375 0.00859375
2 0.6953125 0.5015625 0.05 0.02109375
2 0.62421875 0.49921875 0.03671875 0.01796875
2 0.5609375 0.50703125 0.02109375 0.0140625
2 0.58828125 0.50234375 0.0234375 0.0125
2 0.47578125 0.50390625 0.01328125 0.01015625
3 0.55 0.4859375 0.003125 0.00625
3 0.49375 0.46484375 0.0015625 0.0046875
3 0.50703125 0.465625 0.0015625 0.0046875
3 0.5234375 0.465625 0.0015625 0.0046875
3 0.51015625 0.45 0.00234375 0.00859375
3 0.490625 0.44921875 0.00234375 0.0078125
3 0.46640625 0.44921875 0.00234375 0.0078125
3 0.56953125 0.45859375 0.0015625 0.00546875
3 0.57421875 0.45859375 0.0015625 0.0046875
2 0.88359375 0.49375 0.0375 0.02265625