2 0.75390625 0.72109375 0.490625 0.55234375
2 0.26875 0.49921875 0.03515625 0.01875
3 0.07734375 0.44921875 0.00390625 0.009375
3 0.103125 0.45078125 0.00390625 0.01015625
3 0.13203125 0.45390625 0.00234375 0.0078125
3 0.17421875 0.484375 0.00234375 0.00625
3 0.09296875 0.4296875 0.0046875 0.01171875
3 0.134375 0.434375 0.003125 0.01328125
3 0.16484375 0.4375 0.00390625 0.01171875
3 0.2203125 0.453125 0.003125 0.00625
3 0.27109375 0.47890625 0.00234375 0.00859375
3 0.23203125 0.45234375 0.00234375 0.00703125
3 0.246875 0.4515625 0.003125 0.00703125