2 0.75078125 0.7234375 0.4984375 0.553125
2 0.734375 0.50390625 0.0078125 0.02265625
2 0.69921875 0.50390625 0.03359375 0.01328125
2 0.58359375 0.5 0.03359375 0.0171875
2 0.55390625 0.503125 0.0234375 0.01171875
2 0.52578125 0.50546875 0.01640625 0.01171875
3 0.5203125 0.4875 0.00234375 0.00546875
2 0.4578125 0.503125 0.00859375 0.0078125
2 0.4703125 0.5015625 0.00859375 0.00546875
3 0.53984375 0.46328125 0.0015625 0.00546875
3 0.46953125 0.46875 0.00078125 0.0046875
3 0.48203125 0.46875 0.0015625 0.0046875
3 0.496875 0.46953125 0.0015625 0.00390625
3 0.44609375 0.45703125 0.00234375 0.0078125
3 0.46640625 0.45703125 0.0015625 0.00703125
3 0.48359375 0.45703125 0.00234375 0.0078125
3 0.54453125 0.4625 0.0015625 0.00546875
2 0.634375 0.50078125 0.03828125 0.01796875