2 0.75 0.7203125 0.49765625 0.553125
2 0.85078125 0.5140625 0.2109375 0.09453125
2 0.61015625 0.503125 0.02109375 0.01015625
2 0.58203125 0.50859375 0.034375 0.0296875
2 0.48671875 0.5015625 0.01015625 0.01171875
3 0.55078125 0.4875 0.0015625 0.00625
3 0.49765625 0.46953125 0.0015625 0.00546875
3 0.51015625 0.46953125 0.0015625 0.00625
3 0.525 0.4703125 0.0015625 0.00703125
3 0.47109375 0.45625 0.0015625 0.00703125
3 0.4921875 0.45625 0.0015625 0.00703125
3 0.509375 0.45546875 0.0015625 0.00859375