2 0.75078125 0.7203125 0.496875 0.553125
2 0.57734375 0.51796875 0.065625 0.0484375
2 0.6140625 0.50390625 0.02109375 0.01015625
2 0.53515625 0.49921875 0.0265625 0.0296875
2 0.484375 0.5015625 0.009375 0.0125
2 0.49609375 0.49921875 0.00703125 0.0109375
3 0.4984375 0.465625 0.00078125 0.0046875
3 0.51015625 0.4671875 0.0015625 0.00390625
3 0.52578125 0.4671875 0.0015625 0.0046875
3 0.46953125 0.453125 0.00234375 0.00703125
3 0.49140625 0.453125 0.0015625 0.0078125
3 0.509375 0.453125 0.00234375 0.0078125
3 0.5515625 0.48671875 0.00234375 0.00546875