2 0.75 0.72109375 0.49765625 0.55234375
2 0.7390625 0.50234375 0.015625 0.0265625
2 0.7 0.503125 0.03359375 0.0140625
2 0.634375 0.5015625 0.0375 0.01875
2 0.58359375 0.5 0.03203125 0.0171875
2 0.55234375 0.50234375 0.0203125 0.01015625
2 0.52578125 0.50625 0.0171875 0.0109375
2 0.4578125 0.503125 0.00859375 0.00859375
2 0.471875 0.50234375 0.00625 0.00546875
3 0.5203125 0.48671875 0.00234375 0.00625
3 0.46953125 0.46875 0.00078125 0.00390625
3 0.48203125 0.46875 0.0015625 0.0046875
3 0.496875 0.46953125 0.0015625 0.00546875
3 0.44609375 0.45625 0.00234375 0.0078125
3 0.46640625 0.45625 0.0015625 0.00703125
3 0.4828125 0.45703125 0.00234375 0.0078125
3 0.53984375 0.46328125 0.0015625 0.00546875
3 0.54453125 0.46171875 0.0015625 0.00625