2 0.7515625 0.71953125 0.49453125 0.55390625
2 0.6359375 0.50390625 0.02890625 0.0140625
2 0.56015625 0.5140625 0.0546875 0.040625
2 0.4859375 0.50234375 0.01171875 0.01328125
2 0.49765625 0.49921875 0.0078125 0.0109375
3 0.5015625 0.46171875 0.0015625 0.0046875
3 0.515625 0.4625 0.0015625 0.00546875
3 0.53359375 0.46328125 0.0015625 0.00546875
3 0.51796875 0.44296875 0.00234375 0.009375
3 0.49609375 0.44375 0.00234375 0.009375
3 0.46953125 0.44296875 0.00234375 0.00859375
0 0.6609375 0.50546875 0.003125 0.0125