2 0.75 0.7203125 0.49765625 0.553125
2 0.73671875 0.50234375 0.01015625 0.0265625
2 0.69921875 0.50390625 0.03359375 0.0140625
2 0.63515625 0.5015625 0.03828125 0.01875
2 0.584375 0.5 0.03203125 0.01640625
2 0.55234375 0.50390625 0.0203125 0.01015625
2 0.4578125 0.50390625 0.009375 0.0078125
3 0.46953125 0.46796875 0.00078125 0.00390625
3 0.48203125 0.46796875 0.0015625 0.00390625
3 0.496875 0.46796875 0.0015625 0.00390625
3 0.5203125 0.48671875 0.0015625 0.00390625
3 0.46640625 0.45703125 0.0015625 0.0078125
3 0.48359375 0.45703125 0.00234375 0.0078125
3 0.44609375 0.45625 0.0015625 0.00703125
3 0.53984375 0.46328125 0.0015625 0.00625
3 0.54453125 0.46171875 0.0015625 0.00703125