2 0.75234375 0.71953125 0.49375 0.55546875
0 0.40078125 0.50078125 0.00625 0.025
2 0.85859375 0.5078125 0.08671875 0.040625
3 0.78203125 0.4515625 0.00703125 0.0203125
3 0.69140625 0.375 0.00703125 0.0234375
3 0.634375 0.3734375 0.00625 0.02265625
3 0.5859375 0.371875 0.00625 0.0234375
3 0.26796875 0.2484375 0.01640625 0.05
3 0.3109375 0.303125 0.01328125 0.03984375
3 0.3515625 0.4421875 0.00703125 0.025
3 0.2078125 0.17109375 0.0234375 0.0671875
2 0.478125 0.5015625 0.00703125 0.0078125
2 0.49375 0.50078125 0.0078125 0.01015625
2 0.50390625 0.50234375 0.00859375 0.0109375