2 0.75234375 0.71953125 0.49375 0.553125
2 0.2578125 0.5 0.00859375 0.01015625
2 0.28359375 0.5015625 0.01484375 0.02109375
2 0.33046875 0.5046875 0.0125 0.0125
2 0.5078125 0.4984375 0.03828125 0.0234375
3 0.453125 0.44375 0.003125 0.009375
3 0.4640625 0.440625 0.003125 0.009375
3 0.5015625 0.47265625 0.00390625 0.01328125
3 0.41640625 0.48125 0.00390625 0.0078125
3 0.33515625 0.4484375 0.003125 0.009375
3 0.35625 0.44921875 0.003125 0.00859375
3 0.38046875 0.45078125 0.003125 0.00703125
3 0.3421875 0.41484375 0.0046875 0.0140625
3 0.29921875 0.4109375 0.00625 0.01484375
3 0.37578125 0.41796875 0.0046875 0.0140625
3 0.47734375 0.4375 0.003125 0.01015625