2 0.75 0.71953125 0.49765625 0.55234375
2 0.84609375 0.51328125 0.19921875 0.09296875
2 0.60859375 0.503125 0.02109375 0.01015625
2 0.52109375 0.5 0.01796875 0.0234375
2 0.4859375 0.5015625 0.01015625 0.01328125
3 0.55078125 0.4859375 0.00234375 0.00390625
3 0.49765625 0.46875 0.0015625 0.00546875
3 0.51015625 0.46875 0.0015625 0.00546875
3 0.525 0.46796875 0.0015625 0.0046875
3 0.47109375 0.45625 0.0015625 0.0078125
3 0.4921875 0.45546875 0.0015625 0.00703125
3 0.509375 0.45546875 0.0015625 0.00703125