2 0.7546875 0.7234375 0.490625 0.553125
2 0.86328125 0.50390625 0.028125 0.01640625
2 0.76484375 0.5015625 0.07421875 0.03125
2 0.67421875 0.49921875 0.03984375 0.02109375
2 0.5875 0.5078125 0.028125 0.021875
2 0.6109375 0.50234375 0.0203125 0.0140625
2 0.471875 0.50234375 0.0078125 0.0078125
2 0.48203125 0.50234375 0.00546875 0.0078125
3 0.56328125 0.48359375 0.00234375 0.00703125
3 0.4984375 0.46015625 0.00234375 0.0046875
3 0.5140625 0.4609375 0.00234375 0.00625
3 0.496875 0.4375 0.00234375 0.01015625
3 0.52109375 0.43671875 0.003125 0.0109375
3 0.4671875 0.43671875 0.003125 0.0109375
3 0.5890625 0.45234375 0.00234375 0.00625
3 0.6203125 0.47734375 0.00234375 0.0078125
3 0.53203125 0.45390625 0.00234375 0.00703125
3 0.5953125 0.45 0.00234375 0.00625
3 0.6046875 0.44765625 0.00234375 0.00625
2 0.64140625 0.5046875 0.021875 0.01328125