2 0.75 0.7203125 0.49765625 0.553125
2 0.84453125 0.51328125 0.2015625 0.09609375
2 0.609375 0.50390625 0.02265625 0.01015625
2 0.5328125 0.5 0.0234375 0.02734375
2 0.4859375 0.5015625 0.009375 0.01171875
2 0.49765625 0.5 0.00859375 0.0078125
3 0.49765625 0.46875 0.0015625 0.0046875
3 0.51015625 0.46953125 0.0015625 0.0046875
3 0.55 0.48828125 0.0015625 0.00390625
3 0.52578125 0.46953125 0.0015625 0.00546875
3 0.47109375 0.45625 0.0015625 0.00703125
3 0.4921875 0.45625 0.0015625 0.00703125
3 0.509375 0.45625 0.0015625 0.0078125