2 0.75078125 0.7234375 0.4984375 0.553125
2 0.73515625 0.50390625 0.00625 0.0234375
2 0.69921875 0.50390625 0.03359375 0.0140625
2 0.634375 0.5015625 0.03828125 0.01796875
2 0.584375 0.5 0.03203125 0.01640625
2 0.553125 0.50234375 0.021875 0.01015625
2 0.4578125 0.503125 0.00859375 0.00859375
3 0.5203125 0.4875 0.00234375 0.0046875
3 0.53984375 0.4640625 0.0015625 0.00625
3 0.46953125 0.46875 0.0015625 0.00546875
3 0.48203125 0.46796875 0.0015625 0.0046875
3 0.496875 0.46875 0.0015625 0.00546875
3 0.44609375 0.45625 0.0015625 0.00703125
3 0.46640625 0.45625 0.00234375 0.0078125
3 0.4828125 0.45703125 0.00234375 0.00703125
3 0.54453125 0.4625 0.0015625 0.00625