2 0.75078125 0.7234375 0.4984375 0.55
2 0.84453125 0.51484375 0.19453125 0.096875
2 0.61015625 0.50390625 0.01953125 0.0109375
2 0.5328125 0.49921875 0.021875 0.02890625
2 0.4859375 0.5015625 0.009375 0.01171875
3 0.55 0.48671875 0.00234375 0.00546875
3 0.49765625 0.46953125 0.0015625 0.00546875
3 0.51015625 0.46953125 0.00078125 0.00546875
3 0.525 0.46953125 0.0015625 0.0046875
3 0.47109375 0.45546875 0.0015625 0.00625
3 0.4921875 0.45546875 0.00234375 0.0078125
3 0.509375 0.45625 0.0015625 0.0078125