2 0.7515625 0.71953125 0.49453125 0.55234375
2 0.53984375 0.51171875 0.03984375 0.03203125
2 0.490625 0.5015625 0.0109375 0.015625
2 0.45859375 0.496875 0.02890625 0.0171875
3 0.72109375 0.4609375 0.00625 0.01640625
3 0.64765625 0.40078125 0.0046875 0.01640625
3 0.60234375 0.4 0.00546875 0.0171875
3 0.56328125 0.39921875 0.0046875 0.01796875
3 0.321875 0.359375 0.00859375 0.02890625
3 0.3515625 0.45625 0.00546875 0.01875
3 0.2953125 0.3328125 0.0109375 0.0328125
3 0.2640625 0.30234375 0.0140625 0.0390625
3 0.99375 0.30390625 0.0125 0.0328125
3 0.9125 0.33359375 0.01015625 0.028125