2 0.75 0.72109375 0.49765625 0.55234375
2 0.73515625 0.50234375 0.0078125 0.0265625
2 0.6984375 0.50390625 0.034375 0.0140625
2 0.63515625 0.50078125 0.03671875 0.01796875
2 0.60546875 0.50390625 0.0125 0.00703125
2 0.57890625 0.50390625 0.02265625 0.00859375
2 0.55390625 0.50234375 0.02265625 0.0109375
2 0.4578125 0.503125 0.00859375 0.009375
3 0.53984375 0.4640625 0.0015625 0.00625
3 0.4703125 0.46796875 0.0015625 0.003125
3 0.4828125 0.46796875 0.0015625 0.00390625
3 0.496875 0.46796875 0.00234375 0.003125
3 0.5203125 0.48671875 0.00234375 0.00546875
3 0.44609375 0.45703125 0.0015625 0.00703125
3 0.46640625 0.45703125 0.0015625 0.00703125
3 0.4828125 0.45703125 0.00234375 0.00703125
3 0.54453125 0.46171875 0.0015625 0.00546875
2 0.58828125 0.5 0.02265625 0.015625