2 0.75 0.72109375 0.49765625 0.55234375
2 0.73515625 0.503125 0.00625 0.025
2 0.6984375 0.50390625 0.0328125 0.0140625
2 0.634375 0.5015625 0.03828125 0.01796875
2 0.57890625 0.50390625 0.02265625 0.009375
2 0.55390625 0.503125 0.01796875 0.0109375
2 0.525 0.50625 0.01640625 0.01171875
2 0.4578125 0.50390625 0.00859375 0.0078125
2 0.4765625 0.50390625 0.009375 0.00859375
3 0.53984375 0.46328125 0.0015625 0.00625
3 0.5203125 0.4875 0.00234375 0.0046875
3 0.44609375 0.45625 0.0015625 0.00625
3 0.46640625 0.45703125 0.0015625 0.0078125
3 0.4703125 0.46875 0.00078125 0.0046875
3 0.48203125 0.46875 0.0015625 0.0046875
3 0.48359375 0.45625 0.00234375 0.00703125
3 0.496875 0.46953125 0.0015625 0.0046875
3 0.54453125 0.46171875 0.0015625 0.00625
2 0.5875 0.5 0.0265625 0.01640625