2 0.75390625 0.71953125 0.490625 0.553125
2 0.675 0.50390625 0.0359375 0.01484375
2 0.553125 0.51328125 0.04921875 0.0390625
2 0.5921875 0.49765625 0.0546875 0.05390625
3 0.61875 0.4421875 0.00234375 0.01015625
3 0.64921875 0.47109375 0.00234375 0.009375
3 0.5078125 0.45625 0.00234375 0.00546875
2 0.490625 0.5015625 0.01171875 0.01640625
2 0.50234375 0.49921875 0.0078125 0.0125
3 0.471875 0.4265625 0.003125 0.0125
3 0.50625 0.4265625 0.003125 0.0125
3 0.534375 0.42734375 0.003125 0.01328125
3 0.6296875 0.4390625 0.003125 0.009375
3 0.52578125 0.45546875 0.0015625 0.00546875
3 0.54609375 0.45546875 0.00234375 0.00546875