2 0.75 0.72109375 0.49765625 0.55234375
2 0.7359375 0.5015625 0.009375 0.0265625
2 0.69921875 0.50390625 0.034375 0.0140625
2 0.63671875 0.5015625 0.03671875 0.01796875
2 0.584375 0.5 0.0296875 0.0171875
2 0.55390625 0.50234375 0.02109375 0.01015625
2 0.525 0.50625 0.01640625 0.01171875
2 0.4578125 0.503125 0.00859375 0.00859375
2 0.46953125 0.503125 0.0078125 0.00625
3 0.5203125 0.48671875 0.00234375 0.00546875
3 0.53984375 0.46328125 0.0015625 0.00625
3 0.4703125 0.46875 0.00078125 0.00390625
3 0.48203125 0.46875 0.0015625 0.0046875
3 0.496875 0.46953125 0.0015625 0.00390625
3 0.44609375 0.45703125 0.0015625 0.00703125
3 0.46640625 0.45703125 0.0015625 0.00703125
3 0.4828125 0.45703125 0.00234375 0.00703125
3 0.54453125 0.4625 0.0015625 0.00625