2 0.75 0.7203125 0.49765625 0.553125
2 0.81953125 0.525 0.25390625 0.121875
2 0.6875 0.5046875 0.00859375 0.0125
2 0.634375 0.50078125 0.03828125 0.01953125
2 0.4578125 0.503125 0.00859375 0.009375
2 0.46875 0.5015625 0.00703125 0.0078125
3 0.53984375 0.46328125 0.0015625 0.00703125
3 0.5203125 0.4875 0.00234375 0.0046875
3 0.4703125 0.46875 0.00078125 0.0046875
3 0.48203125 0.46875 0.0015625 0.0046875
3 0.496875 0.46953125 0.0015625 0.003125
3 0.48359375 0.45703125 0.00234375 0.00703125
3 0.46640625 0.45703125 0.0015625 0.00703125
3 0.44609375 0.45625 0.0015625 0.00625
3 0.54453125 0.46171875 0.0015625 0.00703125