2 0.75 0.72109375 0.49765625 0.553125
2 0.84765625 0.5140625 0.20078125 0.0953125
2 0.61015625 0.503125 0.02109375 0.01171875
2 0.5328125 0.49921875 0.02265625 0.028125
2 0.4859375 0.5015625 0.009375 0.01328125
3 0.54921875 0.48671875 0.00234375 0.00625
3 0.4984375 0.46875 0.00078125 0.0046875
3 0.5109375 0.46953125 0.00078125 0.00546875
3 0.52578125 0.46875 0.00078125 0.0046875
3 0.4921875 0.45625 0.0015625 0.0078125
3 0.509375 0.45546875 0.0015625 0.0078125
3 0.47109375 0.45546875 0.0015625 0.00703125