2 0.75 0.7203125 0.4984375 0.553125
2 0.70625 0.5390625 0.1984375 0.10859375
2 0.61171875 0.50390625 0.021875 0.009375
2 0.53203125 0.5 0.02109375 0.028125
2 0.4859375 0.5015625 0.009375 0.0125
2 0.496875 0.5 0.00703125 0.009375
3 0.55 0.48828125 0.00234375 0.00546875
3 0.49765625 0.46953125 0.0015625 0.00546875
3 0.5109375 0.46953125 0.00078125 0.0046875
3 0.52578125 0.46953125 0.00078125 0.00390625
3 0.47109375 0.45625 0.0015625 0.00625
3 0.4921875 0.45546875 0.0015625 0.00703125
3 0.509375 0.45546875 0.0015625 0.0078125