2 0.75390625 0.7203125 0.490625 0.553125
0 0.3859375 0.50078125 0.009375 0.03203125
3 0.20390625 0.36015625 0.021875 0.06328125
2 0.72734375 0.52890625 0.20703125 0.08984375
3 0.94296875 0.2421875 0.01796875 0.046875
3 0.83125 0.234375 0.01875 0.0515625
3 0.73125 0.22890625 0.015625 0.05078125
2 0.48515625 0.50078125 0.009375 0.01015625
2 0.515625 0.5015625 0.01171875 0.01484375
3 0.4703125 0.46484375 0.0015625 0.00546875
3 0.48671875 0.4640625 0.0015625 0.00625
3 0.50078125 0.4640625 0.0015625 0.00703125