2 0.2453125 0.75390625 0.490625 0.4859375
2 0.4625 0.5078125 0.02890625 0.02890625
2 0.51640625 0.50703125 0.01953125 0.0203125
2 0.77890625 0.50234375 0.05390625 0.03046875
2 0.86015625 0.5046875 0.0203125 0.02421875
3 0.61015625 0.3734375 0.0046875 0.00625
3 0.675 0.3734375 0.00625 0.009375
3 0.73203125 0.37109375 0.00703125 0.0078125
3 0.05 0.2765625 0.009375 0.03359375
3 0.15625 0.32578125 0.00859375 0.03046875
3 0.2171875 0.3546875 0.00625 0.0234375
2 0.496875 0.50390625 0.01328125 0.01328125
2 0.70859375 0.503125 0.0296875 0.01015625