2 0.2421875 0.72109375 0.484375 0.5515625
0 0.68984375 0.5015625 0.0078125 0.0328125
3 0.69140625 0.42421875 0.003125 0.0046875
3 0.70390625 0.4171875 0.00390625 0.0046875
2 0.46640625 0.50546875 0.03125 0.01328125
2 0.53046875 0.50078125 0.01171875 0.02109375
2 0.56484375 0.49609375 0.025 0.03203125
3 0.5578125 0.45390625 0.00390625 0.00859375
3 0.5796875 0.453125 0.003125 0.00859375
3 0.58515625 0.4046875 0.00390625 0.015625
3 0.53359375 0.40625 0.00390625 0.015625
3 0.49140625 0.4078125 0.00390625 0.0140625