2 0.2453125 0.72578125 0.48984375 0.53984375
2 0.5421875 0.50859375 0.03046875 0.025
2 0.57109375 0.4953125 0.0234375 0.03828125
2 0.35390625 0.490625 0.01328125 0.0421875
3 0.47421875 0.3703125 0.00546875 0.01953125
3 0.5328125 0.36796875 0.00546875 0.021875
3 0.6046875 0.36484375 0.00546875 0.0234375
3 0.53125 0.44375 0.003125 0.0109375
3 0.5609375 0.44453125 0.003125 0.0109375
3 0.5859375 0.44453125 0.003125 0.01015625
0 0.72421875 0.50390625 0.0109375 0.03984375
3 0.73671875 0.40390625 0.0046875 0.0140625
3 0.759375 0.39375 0.00625 0.01484375