2 0.24140625 0.76171875 0.4828125 0.46875
3 0.50234375 0.33125 0.0078125 0.028125
3 0.5921875 0.3265625 0.0078125 0.03046875
3 0.7859375 0.40234375 0.003125 0.00546875
3 0.8234375 0.3890625 0.00703125 0.00625
3 0.86484375 0.37578125 0.00625 0.0078125
3 0.5859375 0.4265625 0.003125 0.00625
3 0.62421875 0.425 0.0046875 0.00546875
3 0.6578125 0.425 0.00390625 0.00625
2 0.6578125 0.5015625 0.0234375 0.00859375
2 0.70625 0.503125 0.02421875 0.0140625
2 0.4984375 0.50625 0.02265625 0.0171875
2 0.52734375 0.50625 0.0171875 0.0171875
3 0.33828125 0.40390625 0.00234375 0.00859375
3 0.359375 0.41484375 0.00234375 0.00703125
3 0.37421875 0.4234375 0.00234375 0.00390625
2 0.7609375 0.503125 0.015625 0.01484375