2 0.246875 0.71953125 0.49375 0.5515625
0 0.86328125 0.50859375 0.0203125 0.07734375
2 0.46484375 0.4828125 0.16015625 0.0890625
2 0.57578125 0.4890625 0.0484375 0.06328125
3 0.6015625 0.41640625 0.0046875 0.01328125
3 0.56328125 0.4171875 0.0046875 0.01484375
3 0.51875 0.4171875 0.0046875 0.0140625
3 0.3078125 0.36640625 0.00859375 0.0234375
3 0.340625 0.3859375 0.0078125 0.01953125
3 0.36171875 0.3984375 0.00625 0.01796875
3 0.99453125 0.2640625 0.01015625 0.0140625
3 0.89140625 0.3171875 0.00625 0.01015625
2 0.97421875 0.7734375 0.0515625 0.32421875