2 0.81953125 0.51484375 0.08984375 0.03046875
0 0.24453125 0.51640625 0.01796875 0.05625
3 0.2828125 0.27578125 0.0109375 0.03671875
3 0.39296875 0.2796875 0.009375 0.0390625
3 0.51484375 0.284375 0.0078125 0.04140625
3 0.6484375 0.39453125 0.00390625 0.00625
3 0.67734375 0.37265625 0.0046875 0.00703125
3 0.32890625 0.4265625 0.00390625 0.0125
3 0.35078125 0.43515625 0.00390625 0.01171875
3 0.365625 0.44140625 0.00234375 0.009375
3 0.5046875 0.453125 0.00234375 0.0046875
3 0.5265625 0.453125 0.003125 0.0046875