2 0.05703125 0.5171875 0.1109375 0.040625
0 0.8140625 0.53359375 0.04609375 0.0859375
2 0.93125 0.42109375 0.13671875 0.7609375
2 0.75703125 0.50703125 0.078125 0.03984375
3 0.78515625 0.34609375 0.0078125 0.0203125
3 0.72421875 0.3796875 0.0078125 0.021875
3 0.67734375 0.40078125 0.00625 0.01796875
3 0.14296875 0.37109375 0.009375 0.02109375
3 0.21484375 0.39609375 0.00703125 0.015625
3 0.25625 0.41015625 0.00625 0.0140625
3 0.5171875 0.4328125 0.003125 0.0125
3 0.546875 0.4328125 0.00390625 0.01171875
0 0.28828125 0.50703125 0.009375 0.03203125