2 0.05703125 0.51796875 0.11015625 0.04140625
0 0.7265625 0.528125 0.04140625 0.08359375
2 0.93046875 0.42265625 0.1390625 0.76796875
0 0.26796875 0.50859375 0.009375 0.034375
3 0.14296875 0.371875 0.01015625 0.02265625
3 0.2140625 0.39609375 0.00703125 0.01640625
3 0.25625 0.41015625 0.00625 0.015625
3 0.784375 0.346875 0.0078125 0.01953125
3 0.725 0.37890625 0.009375 0.0203125
3 0.678125 0.4 0.00703125 0.0171875
3 0.5171875 0.42890625 0.003125 0.00390625
3 0.546875 0.4296875 0.00390625 0.0046875
2 0.7640625 0.5078125 0.059375 0.03984375