2 0.05703125 0.51875 0.1109375 0.040625
0 0.65234375 0.53515625 0.025 0.06640625
0 0.2421875 0.51015625 0.01015625 0.03828125
3 0.1421875 0.3703125 0.009375 0.02109375
3 0.2140625 0.39609375 0.00703125 0.01796875
3 0.25625 0.409375 0.00546875 0.01328125
3 0.5171875 0.4296875 0.003125 0.0046875
3 0.54765625 0.4296875 0.00390625 0.0046875
3 0.678125 0.40078125 0.00703125 0.01796875
3 0.72421875 0.37890625 0.00859375 0.02265625
3 0.784375 0.346875 0.00703125 0.0203125
2 0.75546875 0.50703125 0.078125 0.0390625
2 0.928125 0.41875 0.14375 0.765625