0 0.61171875 0.53203125 0.0265625 0.10078125
0 0.1828125 0.51328125 0.015625 0.04609375
0 0.43984375 0.51328125 0.00625 0.0234375
2 0.7734375 0.50859375 0.08828125 0.04296875
2 0.0390625 0.5203125 0.07734375 0.04453125
3 0.10546875 0.3578125 0.01015625 0.0234375
3 0.19140625 0.3875 0.0078125 0.0171875
3 0.23984375 0.4046875 0.00625 0.01640625
3 0.690625 0.39375 0.00625 0.01796875
3 0.7453125 0.36875 0.00703125 0.02421875
3 0.81953125 0.32890625 0.0078125 0.021875
3 0.48046875 0.43203125 0.003125 0.0109375
3 0.51796875 0.43125 0.003125 0.0125
3 0.55 0.43125 0.00390625 0.01328125
2 0.9625 0.575 0.07109375 0.46875