2 0.50078125 0.85859375 0.9984375 0.2828125
2 0.3859375 0.50546875 0.01640625 0.0125
0 0.38671875 0.51640625 0.00546875 0.0203125
2 0.51875 0.50234375 0.02109375 0.0109375
2 0.41015625 0.49765625 0.01953125 0.01171875
2 0.6015625 0.50078125 0.0265625 0.0109375
3 0.490625 0.44765625 0.003125 0.00546875
3 0.51015625 0.45234375 0.00390625 0.0046875
3 0.6078125 0.43671875 0.00234375 0.00390625
3 0.659375 0.42109375 0.00546875 0.00625
3 0.73046875 0.3984375 0.00859375 0.00703125
2 0.715625 0.49609375 0.0125 0.01328125