0 0.06328125 0.51171875 0.0109375 0.05390625
3 0.56484375 0.37734375 0.0046875 0.00625
3 0.3625 0.4078125 0.00625 0.00625
3 0.40859375 0.40859375 0.0078125 0.0078125
3 0.44765625 0.40859375 0.00703125 0.00859375
3 0.26640625 0.35859375 0.0046875 0.0203125
3 0.3328125 0.359375 0.00546875 0.02109375
3 0.40859375 0.3609375 0.00546875 0.02421875
3 0.16015625 0.3890625 0.0046875 0.01171875
2 0.36875 0.50859375 0.02109375 0.021875
2 0.4140625 0.49765625 0.01484375 0.01640625
3 0.171875 0.396875 0.00625 0.01796875
3 0.18359375 0.4015625 0.00703125 0.01640625
3 0.57109375 0.371875 0.00546875 0.00546875