2 0.478125 0.5265625 0.0703125 0.0453125
3 0.11171875 0.3375 0.00859375 0.02890625
3 0.14375 0.35 0.00859375 0.02734375
3 0.16796875 0.3609375 0.0078125 0.02421875
3 0.22265625 0.23359375 0.01015625 0.04453125
3 0.3515625 0.23359375 0.01015625 0.0453125
3 0.50078125 0.23515625 0.01015625 0.046875
3 0.7484375 0.31640625 0.003125 0.0046875
3 0.771875 0.2984375 0.0046875 0.0078125
3 0.79453125 0.27890625 0.00546875 0.0078125
3 0.559375 0.378125 0.00625 0.0078125
3 0.503125 0.378125 0.00625 0.009375
3 0.4375 0.378125 0.0046875 0.0078125
2 0.64140625 0.51484375 0.0078125 0.02421875