0 0.1046875 0.51796875 0.015625 0.06875
3 0.20078125 0.38515625 0.00546875 0.021875
3 0.21796875 0.39140625 0.00625 0.01953125
3 0.23203125 0.396875 0.00546875 0.015625
3 0.43046875 0.40625 0.00390625 0.00625
3 0.48125 0.40625 0.00546875 0.0078125
3 0.52578125 0.40625 0.00625 0.00703125
3 0.671875 0.35625 0.00390625 0.00625
2 0.43671875 0.51640625 0.0234375 0.02578125
2 0.9734375 0.5296875 0.04765625 0.0390625
3 0.3125 0.340625 0.00625 0.02578125
3 0.390625 0.34140625 0.00703125 0.0265625
3 0.4796875 0.34140625 0.00625 0.028125
3 0.66171875 0.36484375 0.003125 0.0046875