0 0.0671875 0.5234375 0.02109375 0.07421875
2 0.44765625 0.51796875 0.03046875 0.034375
3 0.715625 0.3375 0.00390625 0.00703125
3 0.73046875 0.32578125 0.00390625 0.00625
3 0.1734375 0.36484375 0.00703125 0.0234375
3 0.28828125 0.29921875 0.00703125 0.0328125
3 0.38515625 0.30078125 0.0078125 0.034375
3 0.496875 0.30078125 0.0078125 0.0359375
3 0.4421875 0.39375 0.0046875 0.0078125
3 0.5 0.39296875 0.00546875 0.0078125
3 0.5484375 0.39375 0.00625 0.0078125
3 0.1953125 0.37421875 0.00703125 0.02421875
3 0.21328125 0.38125 0.00625 0.021875