3 0.42734375 0.36484375 0.01015625 0.01015625
3 0.00234375 0.33828125 0.00390625 0.02265625
3 0.58984375 0.32734375 0.00390625 0.0046875
3 0.60078125 0.31875 0.00703125 0.00703125
3 0.61171875 0.309375 0.00703125 0.00703125
2 0.309375 0.50859375 0.03203125 0.03046875
2 0.37421875 0.4953125 0.02578125 0.0234375
3 0.1609375 0.2921875 0.00859375 0.03203125
3 0.25859375 0.29296875 0.00859375 0.0328125
3 0.3703125 0.29375 0.0078125 0.03515625
3 0.36875 0.365625 0.00859375 0.009375
3 0.3 0.36484375 0.00625 0.00703125
3 0.01953125 0.34765625 0.009375 0.0265625
3 0.03515625 0.35390625 0.00859375 0.025