2 0.47578125 0.53828125 0.1046875 0.07109375
0 0.7140625 0.5234375 0.01015625 0.03671875
3 0.015625 0.29375 0.0109375 0.0359375
3 0.1015625 0.1046875 0.01640625 0.0625
3 0.29375 0.10703125 0.01640625 0.06953125
3 0.51328125 0.10859375 0.015625 0.071875
3 0.41328125 0.31953125 0.0078125 0.0109375
3 0.5109375 0.31953125 0.00859375 0.0125
3 0.59375 0.31953125 0.009375 0.01171875
3 0.87578125 0.22734375 0.003125 0.0078125
3 0.91015625 0.20234375 0.00546875 0.01171875
3 0.94609375 0.17421875 0.00546875 0.01171875
0 0.33359375 0.51484375 0.0046875 0.02109375