2 0.41171875 0.5234375 0.03671875 0.0390625
3 0.40234375 0.36171875 0.00546875 0.00703125
3 0.47734375 0.3625 0.00703125 0.009375
3 0.5421875 0.3625 0.0078125 0.009375
3 0.7296875 0.3125 0.003125 0.0046875
3 0.74609375 0.30078125 0.0046875 0.00859375
3 0.7609375 0.28828125 0.0046875 0.00859375
3 0.06484375 0.33046875 0.0078125 0.02890625
3 0.0875 0.33984375 0.0078125 0.0296875
3 0.1078125 0.3484375 0.0078125 0.025
0 0.63203125 0.51875 0.00703125 0.0296875
3 0.2296875 0.2640625 0.009375 0.0375
3 0.3453125 0.26484375 0.009375 0.0421875
3 0.47734375 0.26484375 0.009375 0.0421875