2 0.3453125 0.50859375 0.0546875 0.04140625
0 0.34375 0.5078125 0.015625 0.06328125
3 0.1609375 0.44609375 0.003125 0.0078125
3 0.18203125 0.46328125 0.00390625 0.0046875
3 0.18984375 0.4484375 0.003125 0.00859375
3 0.2015625 0.4640625 0.003125 0.00390625
3 0.22109375 0.45 0.003125 0.00859375
3 0.37890625 0.346875 0.00859375 0.02578125
3 0.44609375 0.3640625 0.00703125 0.02265625
3 0.49140625 0.37734375 0.00625 0.0234375
0 0.696875 0.51328125 0.009375 0.03828125
1 0.921875 0.4859375 0.00625 0.00703125
3 0.896875 0.33359375 0.0078125 0.025
3 0.0015625 0.08203125 0.00234375 0.04921875