3 0.2078125 0.46484375 0.00234375 0.003125
3 0.2046875 0.45 0.003125 0.00703125
3 0.22578125 0.46484375 0.003125 0.00390625
3 0.23125 0.4515625 0.00234375 0.0078125
2 0.390625 0.49609375 0.0296875 0.0171875
3 0.47109375 0.3734375 0.00625 0.021875
3 0.5171875 0.3859375 0.00546875 0.0203125
3 0.5484375 0.39375 0.00625 0.01875
3 0.88828125 0.3546875 0.00625 0.0078125
3 0.9953125 0.3359375 0.009375 0.01171875
0 0.93671875 0.50234375 0.01484375 0.05859375
3 0.38671875 0.18671875 0.01640625 0.059375
3 0.5 0.06640625 0.01953125 0.07265625