0 0.5796875 0.5015625 0.01015625 0.03828125
2 0.42578125 0.5078125 0.05078125 0.0328125
3 0.50703125 0.06171875 0.02578125 0.08359375
3 0.3875 0.190625 0.01953125 0.0640625
2 0.38984375 0.5 0.0203125 0.01640625
3 0.2046875 0.45 0.00234375 0.0078125
3 0.2265625 0.46484375 0.003125 0.0046875
3 0.23125 0.45078125 0.0015625 0.00625
3 0.2078125 0.46484375 0.00390625 0.00390625
3 0.471875 0.37421875 0.00625 0.021875
3 0.5171875 0.3859375 0.00703125 0.021875
3 0.55 0.39375 0.00625 0.01953125
0 0.940625 0.51171875 0.0140625 0.0390625
3 0.9953125 0.340625 0.009375 0.01875
3 0.8890625 0.35859375 0.00546875 0.01484375