2 0.83125 0.50703125 0.13515625 0.059375
3 0.99453125 0.33828125 0.01015625 0.01484375
3 0.88828125 0.35625 0.0078125 0.009375
3 0.471875 0.3734375 0.00703125 0.0203125
3 0.51640625 0.3859375 0.00625 0.0203125
3 0.54921875 0.39453125 0.00546875 0.01953125
3 0.50390625 0.06328125 0.02265625 0.0859375
3 0.3859375 0.184375 0.0171875 0.0609375
3 0.2078125 0.4640625 0.0015625 0.003125
3 0.22578125 0.46484375 0.00234375 0.00390625
3 0.2046875 0.45 0.00234375 0.0078125
3 0.23125 0.45078125 0.00234375 0.00703125
2 0.3921875 0.4984375 0.025 0.0140625