3 0.88828125 0.3546875 0.00703125 0.00703125
3 0.9953125 0.34453125 0.0078125 0.0265625
3 0.2078125 0.46640625 0.00234375 0.00234375
3 0.22578125 0.46640625 0.0015625 0.00390625
3 0.2046875 0.44921875 0.003125 0.00703125
3 0.23125 0.4515625 0.00234375 0.00703125
2 0.3921875 0.49765625 0.02734375 0.01484375
3 0.47109375 0.37421875 0.00625 0.0203125
3 0.5171875 0.38515625 0.00546875 0.0171875
3 0.54921875 0.39375 0.0046875 0.015625
3 0.50703125 0.065625 0.0265625 0.08515625
3 0.38671875 0.1921875 0.015625 0.06171875