3 0.47109375 0.37265625 0.00625 0.0203125
3 0.5171875 0.384375 0.00546875 0.01796875
3 0.54921875 0.39375 0.00546875 0.0171875
0 0.6671875 0.50078125 0.01015625 0.0390625
3 0.88828125 0.35546875 0.00859375 0.00859375
3 0.9953125 0.34296875 0.00859375 0.025
2 0.3921875 0.4984375 0.0265625 0.01484375
3 0.2078125 0.46484375 0.00234375 0.003125
3 0.22578125 0.46484375 0.00234375 0.00390625
3 0.2046875 0.44921875 0.00234375 0.00625
3 0.23125 0.45078125 0.00234375 0.00625
3 0.38671875 0.18984375 0.0171875 0.05390625
3 0.5046875 0.06484375 0.0203125 0.08203125