2 0.44140625 0.50703125 0.059375 0.03671875
3 0.2046875 0.45 0.00234375 0.0078125
3 0.22578125 0.465625 0.00234375 0.003125
3 0.23125 0.4515625 0.00234375 0.0078125
3 0.2078125 0.46484375 0.00234375 0.003125
2 0.3890625 0.4984375 0.02421875 0.015625
3 0.471875 0.3734375 0.00703125 0.02109375
3 0.5171875 0.384375 0.00546875 0.01875
3 0.54921875 0.39375 0.00546875 0.0171875
3 0.50546875 0.06640625 0.0234375 0.08203125
3 0.3875 0.1875 0.015625 0.04765625
2 0.90234375 0.4953125 0.0375 0.02734375
3 0.88828125 0.35625 0.0078125 0.009375
3 0.99453125 0.3421875 0.0109375 0.02734375