2 0.3921875 0.4953125 0.0296875 0.01875
2 0.3296875 0.50546875 0.03515625 0.0234375
3 0.2078125 0.4640625 0.003125 0.00390625
3 0.2046875 0.45 0.00234375 0.00859375
3 0.22578125 0.46484375 0.003125 0.0046875
3 0.23125 0.45078125 0.00234375 0.00625
3 0.54921875 0.39296875 0.00546875 0.01796875
3 0.5171875 0.38359375 0.00546875 0.01875
3 0.471875 0.37265625 0.00625 0.02109375
0 0.6328125 0.5 0.01015625 0.0359375
3 0.50703125 0.05859375 0.02109375 0.07890625
3 0.3875 0.19375 0.01640625 0.06015625
1 0.9078125 0.4828125 0.00546875 0.00625
3 0.9953125 0.34453125 0.009375 0.02578125
3 0.88828125 0.3546875 0.00625 0.00859375