3 0.471875 0.37265625 0.00546875 0.021875
3 0.88828125 0.35546875 0.00703125 0.009375
3 0.9953125 0.34375 0.009375 0.02890625
2 0.39140625 0.49765625 0.02578125 0.01484375
3 0.2078125 0.46875 0.00234375 0.0046875
3 0.20546875 0.45 0.003125 0.0078125
3 0.22578125 0.46875 0.00234375 0.00390625
3 0.23125 0.4515625 0.00234375 0.0078125
3 0.50859375 0.05625 0.01875 0.08359375
3 0.38671875 0.1875 0.01328125 0.06328125
1 0.9078125 0.4828125 0.00546875 0.00546875
3 0.5171875 0.3859375 0.00625 0.02109375
3 0.54921875 0.39375 0.00546875 0.01953125