3 0.471875 0.37265625 0.00703125 0.021875
3 0.5171875 0.38515625 0.00546875 0.01796875
3 0.5484375 0.3921875 0.00625 0.0140625
3 0.88828125 0.3546875 0.00546875 0.0078125
3 0.9953125 0.34375 0.009375 0.02734375
1 0.9078125 0.48203125 0.0046875 0.0078125
2 0.39140625 0.4984375 0.02578125 0.015625
3 0.2078125 0.465625 0.00234375 0.0046875
3 0.22578125 0.46640625 0.003125 0.00390625
3 0.2046875 0.45 0.003125 0.00703125
3 0.23125 0.4515625 0.003125 0.00625
3 0.5078125 0.05703125 0.0203125 0.0859375
3 0.38671875 0.1859375 0.015625 0.0578125