0 0.2921875 0.51015625 0.01796875 0.06875
3 0.16015625 0.446875 0.003125 0.0078125
3 0.1828125 0.46328125 0.003125 0.00390625
3 0.190625 0.44765625 0.00234375 0.00859375
3 0.2015625 0.4640625 0.003125 0.0046875
3 0.22109375 0.45 0.00234375 0.009375
2 0.3453125 0.51171875 0.0546875 0.03828125
3 0.37890625 0.346875 0.00859375 0.02578125
3 0.44609375 0.36484375 0.0078125 0.021875
3 0.490625 0.37578125 0.00625 0.01953125
0 0.659375 0.51328125 0.01640625 0.04296875
3 0.89609375 0.33203125 0.00703125 0.028125
1 0.92109375 0.48671875 0.00546875 0.009375