0 0.846875 0.57421875 0.17265625 0.49375
0 0.23203125 0.51171875 0.021875 0.078125
3 0.16015625 0.446875 0.00390625 0.0078125
3 0.18203125 0.46328125 0.00390625 0.0046875
3 0.190625 0.44765625 0.003125 0.00859375
3 0.2015625 0.46484375 0.00390625 0.0046875
3 0.221875 0.45 0.003125 0.00859375
2 0.3453125 0.51015625 0.0546875 0.04140625
0 0.6296875 0.51171875 0.00859375 0.0296875
3 0.490625 0.37734375 0.0078125 0.021875
3 0.44609375 0.36328125 0.00703125 0.025
3 0.3796875 0.34765625 0.0078125 0.025
1 0.921875 0.48515625 0.00625 0.00703125
3 0.896875 0.3328125 0.00859375 0.02421875
3 0.00234375 0.08984375 0.003125 0.04140625