3 0.2078125 0.46875 0.00234375 0.00390625
3 0.22578125 0.46875 0.003125 0.00390625
3 0.47109375 0.3734375 0.00703125 0.02109375
3 0.5171875 0.3859375 0.00625 0.01875
3 0.54921875 0.39375 0.00546875 0.0171875
3 0.88828125 0.3546875 0.00546875 0.00859375
3 0.9953125 0.34375 0.009375 0.02734375
2 0.853125 0.496875 0.03125 0.01796875
2 0.39140625 0.49609375 0.02734375 0.01796875
3 0.20546875 0.45 0.003125 0.0078125
3 0.23125 0.4515625 0.00234375 0.0078125
3 0.503125 0.06328125 0.02109375 0.08984375
3 0.3859375 0.190625 0.015625 0.05546875
1 0.90859375 0.48203125 0.00625 0.00703125