2 0.36640625 0.50625 0.0421875 0.028125
3 0.2078125 0.46484375 0.003125 0.00390625
3 0.22578125 0.46484375 0.003125 0.003125
3 0.20546875 0.44921875 0.00234375 0.00703125
3 0.23125 0.45078125 0.0015625 0.00546875
2 0.3953125 0.496875 0.01640625 0.015625
3 0.5484375 0.39296875 0.00546875 0.01796875
3 0.51640625 0.38359375 0.00625 0.01953125
3 0.471875 0.37109375 0.00546875 0.01953125
3 0.5046875 0.059375 0.01953125 0.07734375
3 0.38515625 0.18828125 0.0171875 0.05546875
3 0.99453125 0.33984375 0.0109375 0.0265625
3 0.88828125 0.353125 0.00546875 0.00859375
2 0.9453125 0.49375 0.03984375 0.03671875
1 0.90859375 0.4796875 0.00546875 0.00625