0 0.70546875 0.50078125 0.00859375 0.04140625
2 0.39140625 0.4984375 0.0265625 0.01484375
3 0.2078125 0.46484375 0.00234375 0.00390625
3 0.2046875 0.45 0.00234375 0.0078125
3 0.22578125 0.465625 0.00234375 0.00390625
3 0.23125 0.4515625 0.00234375 0.00703125
2 0.24453125 0.50546875 0.021875 0.0125
3 0.5484375 0.39296875 0.00546875 0.0171875
3 0.51640625 0.384375 0.00625 0.01875
3 0.47109375 0.37265625 0.00703125 0.021875
1 0.9078125 0.48203125 0.0046875 0.00546875
3 0.99453125 0.34296875 0.0109375 0.0265625
3 0.88828125 0.35546875 0.0078125 0.00703125
3 0.5046875 0.0578125 0.0203125 0.075
3 0.38671875 0.1890625 0.01328125 0.059375