0 0.753125 0.5 0.0109375 0.04609375
2 0.39140625 0.4984375 0.02578125 0.01484375
3 0.5484375 0.39375 0.00546875 0.02109375
3 0.5171875 0.38515625 0.0078125 0.02109375
3 0.471875 0.37421875 0.00703125 0.0203125
3 0.2078125 0.4640625 0.00234375 0.00390625
3 0.20546875 0.45 0.003125 0.0078125
3 0.22578125 0.46484375 0.003125 0.00390625
3 0.23125 0.4515625 0.00234375 0.0078125
1 0.9078125 0.4828125 0.00546875 0.00703125
3 0.9953125 0.3359375 0.00859375 0.01171875
3 0.88828125 0.35546875 0.00703125 0.0078125
3 0.50625 0.05859375 0.02265625 0.08203125
3 0.3859375 0.19140625 0.01796875 0.05625