0 0.0640625 0.509375 0.03515625 0.09375
0 0.6109375 0.55 0.0578125 0.3421875
3 0.20234375 0.46484375 0.00390625 0.00390625
3 0.221875 0.45 0.00234375 0.00703125
3 0.1828125 0.46328125 0.0015625 0.00390625
3 0.190625 0.44765625 0.00234375 0.0078125
3 0.1609375 0.446875 0.003125 0.0078125
2 0.34453125 0.51015625 0.0546875 0.03828125
3 0.490625 0.3765625 0.0078125 0.0234375
3 0.4453125 0.3640625 0.00703125 0.02421875
3 0.378125 0.34765625 0.0078125 0.0265625
1 0.9234375 0.4859375 0.00703125 0.0078125
3 0.8984375 0.328125 0.00703125 0.01640625