0 0.38984375 0.50703125 0.01171875 0.059375
0 0.73671875 0.51484375 0.01484375 0.03984375
3 0.16015625 0.446875 0.00234375 0.0078125
3 0.18203125 0.46328125 0.003125 0.00390625
3 0.190625 0.44765625 0.00234375 0.0078125
3 0.2015625 0.4640625 0.00390625 0.0046875
3 0.221875 0.44921875 0.003125 0.00859375
2 0.34453125 0.51015625 0.05546875 0.03984375
3 0.3796875 0.3453125 0.0078125 0.025
3 0.4453125 0.3640625 0.00703125 0.02265625
3 0.490625 0.37578125 0.00625 0.0203125
1 0.921875 0.48359375 0.00625 0.009375
3 0.896875 0.3328125 0.00859375 0.025
3 0.003125 0.0953125 0.00625 0.0375