0 0.71796875 0.5828125 0.0578125 0.34453125
2 0.3453125 0.51171875 0.05546875 0.0390625
0 0.1671875 0.5109375 0.02578125 0.08359375
3 0.16015625 0.44609375 0.003125 0.00703125
3 0.1828125 0.46328125 0.003125 0.0046875
3 0.18984375 0.44765625 0.003125 0.00859375
3 0.2015625 0.4640625 0.00234375 0.0046875
3 0.221875 0.45078125 0.00234375 0.00859375
0 0.609375 0.51484375 0.01015625 0.034375
3 0.38046875 0.34609375 0.0078125 0.02421875
3 0.44609375 0.3640625 0.0078125 0.021875
3 0.490625 0.37578125 0.00703125 0.0203125
1 0.921875 0.4859375 0.00625 0.00625
3 0.89609375 0.3328125 0.00703125 0.02578125
3 0.00625 0.09921875 0.0125 0.0515625