2 0.7515625 0.73203125 0.49453125 0.5296875
2 0.44296875 0.5046875 0.01484375 0.0171875
2 0.46953125 0.50546875 0.0140625 0.0140625
2 0.6140625 0.5 0.021875 0.0171875
3 0.6828125 0.42265625 0.0046875 0.00546875
3 0.7046875 0.41640625 0.00390625 0.00546875
3 0.54921875 0.440625 0.00390625 0.00625
3 0.57421875 0.44140625 0.00390625 0.00546875
3 0.5296875 0.38828125 0.00546875 0.01953125
3 0.471875 0.3875 0.00546875 0.01796875
0 0.5234375 0.50703125 0.00390625 0.01796875
2 0.4109375 0.5046875 0.01171875 0.01015625