2 0.753125 0.72421875 0.4921875 0.54375
0 0.0125 0.5484375 0.02421875 0.24140625
3 0.07578125 0.296875 0.0109375 0.03515625
3 0.1453125 0.33359375 0.0078125 0.02578125
2 0.765625 0.50390625 0.0203125 0.01953125
2 0.703125 0.50390625 0.04375 0.02265625
2 0.4125 0.5078125 0.02578125 0.03046875
2 0.4359375 0.50234375 0.0125 0.015625
2 0.46171875 0.50703125 0.01875 0.01875
0 0.49140625 0.51640625 0.0078125 0.03046875
2 0.63203125 0.50234375 0.02109375 0.01015625
3 0.56484375 0.384375 0.0046875 0.01875
3 0.62421875 0.3859375 0.00625 0.01875
3 0.67265625 0.38203125 0.00625 0.00703125
3 0.9375 0.33515625 0.0109375 0.02734375