2 0.31640625 0.50703125 0.07109375 0.02421875
2 0.75859375 0.73359375 0.4828125 0.5328125
2 0.7390625 0.4984375 0.01640625 0.01953125
2 0.6734375 0.5 0.021875 0.01171875
3 0.18046875 0.209375 0.01484375 0.01875
3 0.29609375 0.2671875 0.009375 0.01328125
3 0.6390625 0.2890625 0.00859375 0.0109375
3 0.7625 0.2640625 0.0125 0.01328125
3 0.89453125 0.23671875 0.015625 0.01328125
3 0.7421875 0.4640625 0.00546875 0.00390625
3 0.759375 0.46328125 0.0046875 0.00390625
2 0.3796875 0.5046875 0.05078125 0.02890625
2 0.2546875 0.503125 0.02890625 0.0125