2 0.7515625 0.72109375 0.4953125 0.5515625
0 0.6296875 0.503125 0.00625 0.02890625
3 0.62734375 0.42890625 0.00390625 0.00703125
3 0.640625 0.42265625 0.0046875 0.00625
3 0.48671875 0.40703125 0.00390625 0.01484375
3 0.5359375 0.40703125 0.003125 0.015625
3 0.44296875 0.40703125 0.00390625 0.0140625
3 0.496875 0.453125 0.003125 0.0078125
3 0.51796875 0.45390625 0.003125 0.009375
2 0.46875 0.50234375 0.01171875 0.015625
2 0.49609375 0.4953125 0.03125 0.034375
2 0.40625 0.50390625 0.03359375 0.0171875