0 0.13828125 0.53671875 0.0203125 0.05546875
2 0.759375 0.72734375 0.48125 0.5453125
2 0.5703125 0.50703125 0.046875 0.01875
2 0.5203125 0.503125 0.04296875 0.02734375
2 0.36171875 0.5015625 0.0296875 0.0125
2 0.10234375 0.51171875 0.0546875 0.04375
2 0.2 0.50703125 0.02578125 0.02109375
3 0.37109375 0.31796875 0.009375 0.02890625
3 0.45546875 0.33984375 0.009375 0.02890625
3 0.51484375 0.35078125 0.009375 0.021875
3 0.79453125 0.3203125 0.0125 0.028125
2 0.1703125 0.490625 0.07578125 0.03046875
3 0.928125 0.27890625 0.01171875 0.02734375