2 0.7609375 0.721875 0.47734375 0.54765625
2 0.68203125 0.5015625 0.0140625 0.01484375
2 0.63671875 0.50234375 0.02734375 0.015625
2 0.5859375 0.5015625 0.02109375 0.0078125
2 0.4703125 0.50625 0.01796875 0.0171875
2 0.4390625 0.50625 0.01953125 0.02109375
3 0.47421875 0.32890625 0.0078125 0.02578125
3 0.56171875 0.33203125 0.00859375 0.028125
3 0.53046875 0.428125 0.00390625 0.0046875
3 0.56640625 0.42890625 0.0046875 0.00703125
3 0.59609375 0.42890625 0.0046875 0.00625
3 0.7109375 0.4125 0.0046875 0.0078125
3 0.74375 0.403125 0.0046875 0.00625
3 0.778125 0.39140625 0.00546875 0.0078125
3 0.27578125 0.39765625 0.00390625 0.00625
3 0.2984375 0.409375 0.00390625 0.0078125
3 0.3125 0.41796875 0.003125 0.00625
0 0.5171875 0.5078125 0.0046875 0.021875