2 0.7546875 0.73203125 0.48984375 0.5296875
0 0.79765625 0.50703125 0.01484375 0.06328125
2 0.42265625 0.484375 0.1671875 0.0859375
2 0.528125 0.48828125 0.0390625 0.0609375
3 0.25234375 0.35390625 0.01015625 0.025
3 0.28515625 0.37578125 0.0078125 0.021875
3 0.30625 0.3921875 0.00703125 0.01953125
3 0.46796875 0.4171875 0.00390625 0.01484375
3 0.5125 0.41796875 0.0046875 0.0140625
3 0.54765625 0.41875 0.00390625 0.015625
3 0.89765625 0.30390625 0.0109375 0.01640625
3 0.81171875 0.34140625 0.00625 0.01015625