2 0.753125 0.72265625 0.49296875 0.546875
0 0.2703125 0.51015625 0.0140625 0.06953125
2 0.71796875 0.50234375 0.0171875 0.01875
2 0.66328125 0.503125 0.03359375 0.01796875
2 0.42890625 0.50703125 0.0203125 0.0234375
2 0.38828125 0.50625 0.01875 0.0140625
2 0.46875 0.50625 0.01875 0.02109375
2 0.53671875 0.5015625 0.02265625 0.009375
0 0.51015625 0.51015625 0.0046875 0.02421875
3 0.91328125 0.3421875 0.01015625 0.01015625
3 0.846875 0.36484375 0.00625 0.009375
3 0.5453125 0.41015625 0.00390625 0.00859375
3 0.5890625 0.4109375 0.00625 0.00859375
3 0.6265625 0.4109375 0.0046875 0.00859375
3 0.259375 0.39375 0.0046875 0.0125
3 0.23125 0.378125 0.0046875 0.01640625
3 0.1875 0.353125 0.00546875 0.0203125
3 0.3203125 0.1421875 0.01875 0.0671875
3 0.48203125 0.15078125 0.015625 0.06015625
3 0.65546875 0.1625 0.01796875 0.0640625