2 0.2140625 0.503125 0.0484375 0.046875
0 0.22734375 0.50546875 0.01796875 0.053125
2 0.0453125 0.70390625 0.090625 0.534375
2 0.03671875 0.47578125 0.0734375 0.11796875
1 0.09453125 0.49140625 0.0046875 0.00625
1 0.1015625 0.4859375 0.009375 0.01015625
3 0.153125 0.44375 0.01640625 0.0390625
2 0.4390625 0.503125 0.07421875 0.05234375
2 0.50703125 0.50859375 0.05703125 0.03671875
2 0.5421875 0.5078125 0.0484375 0.03125
2 0.59609375 0.503125 0.05 0.03203125
2 0.63515625 0.5046875 0.05078125 0.02734375