2 0.946875 0.5078125 0.075 0.04453125
0 0.0640625 0.51875 0.0203125 0.07265625
3 0.734375 0.23515625 0.06640625 0.225
2 0.95546875 0.51875 0.04609375 0.02421875
2 0.984375 0.515625 0.03046875 0.0359375
2 0.228125 0.53203125 0.0671875 0.05390625
2 0.34765625 0.5109375 0.0359375 0.04296875
0 0.4609375 0.51328125 0.01015625 0.0515625
3 0.1046875 0.4515625 0.00703125 0.040625
3 0.396875 0.478125 0.00625 0.021875
3 0.81484375 0.440625 0.01484375 0.05078125
3 0.11796875 0.4796875 0.0046875 0.01875
1 0.04140625 0.48984375 0.0046875 0.01328125