2 0.946875 0.50703125 0.0734375 0.0421875
2 0.95390625 0.51875 0.04453125 0.02890625
3 0.734375 0.234375 0.06640625 0.22734375
3 0.10546875 0.45 0.0078125 0.03984375
3 0.81484375 0.440625 0.01328125 0.05234375
3 0.396875 0.47734375 0.00625 0.01953125
0 0.44296875 0.509375 0.009375 0.03984375
3 0.11796875 0.48046875 0.0046875 0.01640625
2 0.16875 0.546875 0.0671875 0.07734375
2 0.153125 0.51484375 0.0625 0.0265625
2 0.0234375 0.49453125 0.04609375 0.0703125
2 0.9859375 0.515625 0.028125 0.03671875