2 0.16640625 0.5765625 0.31796875 0.14453125
3 0.734375 0.234375 0.06640625 0.22109375
0 0.0734375 0.51640625 0.01875 0.06015625
3 0.10546875 0.4515625 0.00546875 0.0390625
1 0.04140625 0.48984375 0.0046875 0.01171875
2 0.35390625 0.5109375 0.03125 0.0453125
3 0.396875 0.47734375 0.00546875 0.01953125
0 0.4625 0.5125 0.01328125 0.04921875
3 0.81484375 0.43984375 0.01328125 0.0546875
2 0.946875 0.50859375 0.075 0.04375
2 0.95390625 0.51953125 0.0453125 0.0265625
2 0.9875 0.51484375 0.02421875 0.03515625
3 0.11796875 0.47890625 0.00390625 0.01796875