2 0.73359375 0.553125 0.24765625 0.10546875
3 0.734375 0.23671875 0.0671875 0.22265625
2 0.946875 0.50859375 0.071875 0.04140625
2 0.95546875 0.51875 0.0453125 0.03125
2 0.9859375 0.51640625 0.0265625 0.0390625
3 0.8140625 0.43984375 0.0140625 0.05390625
3 0.10546875 0.45078125 0.00625 0.04375
3 0.396875 0.4765625 0.00546875 0.02265625
0 0.46875 0.51328125 0.0140625 0.0546875
2 0.35234375 0.5125 0.0359375 0.05625
2 0.25625 0.52734375 0.0234375 0.04453125
2 0.22734375 0.5328125 0.0671875 0.0546875
0 0.084375 0.51875 0.0203125 0.0671875
1 0.040625 0.48984375 0.0046875 0.0125