2 0.946875 0.509375 0.075 0.04453125
3 0.73203125 0.23828125 0.0625 0.2296875
2 0.9546875 0.51875 0.0453125 0.02734375
3 0.8140625 0.43984375 0.01328125 0.0515625
3 0.10546875 0.45 0.00625 0.04140625
3 0.39765625 0.47734375 0.00546875 0.01953125
0 0.44609375 0.5109375 0.0109375 0.04375
2 0.24296875 0.52890625 0.03046875 0.04921875
2 0.19296875 0.54140625 0.08984375 0.06796875
0 0.00390625 0.521875 0.00703125 0.08125
1 0.0421875 0.48984375 0.0046875 0.01171875
3 0.11796875 0.47890625 0.0046875 0.0171875
2 0.98515625 0.51484375 0.02890625 0.034375