2 0.94609375 0.50859375 0.075 0.04453125
2 0.22421875 0.53359375 0.06328125 0.053125
0 0.05078125 0.51953125 0.021875 0.07421875
3 0.734375 0.23828125 0.0671875 0.22734375
3 0.81484375 0.44140625 0.01484375 0.05390625
3 0.396875 0.4765625 0.00625 0.0234375
3 0.10625 0.45 0.00625 0.04140625
2 0.9546875 0.51875 0.04453125 0.0265625
2 0.27265625 0.5078125 0.06015625 0.03671875
0 0.45546875 0.5125 0.01328125 0.05
3 0.11796875 0.4796875 0.00390625 0.01796875
2 0.98359375 0.51484375 0.0328125 0.0359375